1000 2000
1 2 2 10
1 3 3 -3
1 4 8 -4
4 5 8 4
4 6 8 -5
4 7 9 3
6 8 1 -2
6 9 8 -4
5 10 6 4
7 11 7 10
10 12 3 7
10 13 6 -9
13 14 4 -8
14 15 6 4
13 16 10 5
12 17 8 -9
16 18 1 1
18 19 2 5
18 20 7 -4
17 21 2 -2
19 22 3 8
19 23 1 10
20 24 3 8
20 25 4 7
22 26 3 -3
26 27 4 6
26 28 10 2
24 29 1 10
26 30 1 4
26 31 10 1
27 32 9 -5
29 33 6 2
30 34 9 -2
32 35 1 -1
35 36 3 0
36 37 6 -2
34 38 5 -5
38 39 5 8
39 40 3 1
38 41 8 -2
38 42 9 -8
42 43 9 -4
41 44 5 10
43 45 9 7
43 46 10 2
46 47 10 7
44 48 3 -8
48 49 7 0
48 50 3 -6
49 51 7 9
49 52 10 3
50 53 8 8
51 54 4 -3
53 55 6 1
54 56 7 -7
56 57 6 -8
53 58 2 -10
55 59 3 -6
58 60 3 -5
60 61 7 3
57 62 2 -2
62 63 2 -3
61 64 4 3
63 65 1 3
63 66 4 -6
64 67 2 -1
65 68 2 -6
66 69 5 -4
65 70 5 0
66 71 7 -5
70 72 3 8
71 73 9 -10
72 74 10 8
72 75 2 -6
71 76 8 4
72 77 5 -1
75 78 2 7
78 79 6 4
78 80 9 -6
79 81 9 2
80 82 4 1
79 83 7 -7
83 84 2 5
84 85 1 3
83 86 7 3
86 87 2 7
85 88 5 4
88 89 8 6
89 90 7 -1
89 91 6 -1
87 92 8 -5
92 93 2 8
92 94 2 4
91 95 4 -10
93 96 3 -8
92 97 3 1
95 98 5 -4
94 99 5 6
96 100 3 0
99 101 1 -7
97 102 9 9
102 103 7 5
100 104 6 8
101 105 1 6
101 106 6 -7
104 107 4 -2
104 108 5 5
107 109 5 -1
105 110 3 -6
107 111 9 -1
108 112 4 3
111 113 2 -9
112 114 6 -8
111 115 3 -5
112 116 10 -3
113 117 9 -8
117 118 5 -2
116 119 2 -9
118 120 8 4
117 121 5 9
121 122 5 -1
119 123 7 -8
120 124 5 -3
121 125 4 9
124 126 6 -8
125 127 5 -9
123 128 1 -8
128 129 4 -3
129 130 7 0
130 131 9 -8
127 132 9 -4
129 133 1 0
130 134 4 -4
134 135 4 1
133 136 9 6
133 137 2 6
134 138 6 -8
137 139 4 5
138 140 2 5
137 141 6 -5
138 142 2 4
139 143 5 6
141 144 10 -1
144 145 6 -8
143 146 6 -10
142 147 1 -1
144 148 6 -2
147 149 6 3
146 150 1 8
150 151 7 6
150 152 1 7
148 153 2 -5
151 154 2 -8
151 155 6 -8
152 156 10 9
154 157 6 4
157 158 9 3
155 159 7 -3
155 160 2 0
157 161 2 4
160 162 10 2
161 163 5 -3
159 164 7 1
164 165 4 -7
164 166 7 -7
162 167 4 10
167 168 4 0
168 169 3 10
166 170 6 -1
170 171 7 5
167 172 1 -6
170 173 2 10
171 174 6 -2
173 175 10 10
175 176 3 -2
174 177 3 -2
177 178 2 -1
175 179 4 -4
175 180 5 -1
179 181 2 -7
177 182 4 7
178 183 4 -10
183 184 9 4
184 185 8 -2
183 186 6 6
184 187 3 -6
184 188 3 0
184 189 3 10
188 190 4 8
188 191 4 6
188 192 9 -10
191 193 3 8
191 194 4 -3
193 195 10 1
192 196 9 -10
194 197 6 -9
194 198 7 -1
198 199 6 3
195 200 1 9
200 201 6 -3
201 202 7 4
201 203 1 6
200 204 8 7
200 205 7 8
202 206 5 -8
206 207 8 6
203 208 1 8
208 209 8 0
206 210 9 0
208 211 2 0
210 212 4 5
208 213 10 3
209 214 2 -7
212 215 1 -5
215 216 6 0
215 217 6 9
216 218 10 -2
218 219 8 8
217 220 10 -8
220 221 5 -2
218 222 9 -6
222 223 7 -7
222 224 2 2
220 225 4 7
225 226 3 -4
225 227 8 -4
226 228 9 -6
228 229 9 -10
225 230 5 8
226 231 8 -10
228 232 2 2
228 233 6 6
233 234 5 10
230 235 9 0
233 236 5 -7
233 237 7 2
237 238 6 8
234 239 9 0
235 240 3 6
237 241 7 -4
241 242 4 9
242 243 2 0
243 244 2 -2
240 245 5 -5
243 246 8 8
245 247 3 -10
247 248 7 -9
247 249 2 -2
248 250 10 -5
249 251 10 -1
249 252 6 -5
252 253 3 9
250 254 7 -1
252 255 5 7
251 256 2 -3
253 257 2 -3
257 258 1 2
256 259 3 1
258 260 1 -4
260 261 1 -4
258 262 7 10
261 263 10 1
263 264 1 -4
264 265 8 5
262 266 8 1
264 267 6 4
266 268 3 -3
264 269 7 4
267 270 8 -4
270 271 5 6
271 272 5 -4
268 273 8 6
270 274 10 -9
271 275 4 7
275 276 9 -5
272 277 3 -5
273 278 5 3
278 279 7 -5
278 280 2 4
276 281 8 -2
277 282 3 0
281 283 7 10
279 284 9 2
281 285 10 7
285 286 1 -2
284 287 5 0
285 288 4 -2
285 289 3 -2
286 290 1 9
286 291 5 -10
291 292 2 -5
288 293 10 -5
291 294 10 -7
292 295 2 -4
293 296 10 -2
294 297 6 2
294 298 10 -4
297 299 5 1
298 300 1 5
299 301 1 2
298 302 4 -6
300 303 7 3
301 304 3 -10
301 305 4 -9
305 306 7 6
303 307 5 -7
305 308 6 3
305 309 3 2
307 310 8 -4
307 311 7 8
309 312 8 5
311 313 7 5
312 314 9 -5
310 315 2 9
313 316 3 -1
312 317 1 -6
313 318 10 4
318 319 8 3
315 320 2 -3
317 321 4 8
317 322 6 -4
318 323 6 -9
323 324 9 -4
320 325 5 0
323 326 5 -9
322 327 10 -2
323 328 2 7
324 329 4 0
326 330 9 6
330 331 3 5
331 332 1 4
331 333 10 10
332 334 5 3
333 335 6 2
332 336 1 7
333 337 10 -7
333 338 10 3
335 339 4 5
337 340 3 7
339 341 8 2
340 342 8 -4
340 343 1 10
340 344 9 -10
344 345 2 -3
341 346 1 7
345 347 8 -3
345 348 4 -9
344 349 3 9
345 350 7 -9
350 351 6 1
348 352 5 -2
350 353 9 -9
353 354 5 -8
351 355 7 -5
352 356 10 5
356 357 9 1
354 358 4 4
357 359 7 -8
359 360 9 0
356 361 6 7
361 362 6 3
361 363 8 10
359 364 7 -8
361 365 6 10
362 366 4 -10
366 367 4 -2
364 368 7 8
367 369 5 -8
366 370 7 -4
369 371 7 0
371 372 10 -2
371 373 2 -10
373 374 4 5
371 375 2 5
373 376 5 -1
372 377 2 -8
373 378 2 -1
375 379 1 6
377 380 9 -7
378 381 10 -9
378 382 2 6
381 383 1 -4
379 384 5 10
381 385 1 1
384 386 10 4
386 387 7 -10
384 388 6 -10
387 389 2 5
385 390 8 2
390 391 6 -9
388 392 10 7
389 393 1 2
389 394 10 -7
390 395 10 0
395 396 7 -8
393 397 5 2
394 398 5 -2
396 399 9 4
397 400 2 -10
400 401 7 -8
401 402 6 10
398 403 10 3
399 404 8 5
402 405 3 2
404 406 4 -5
402 407 5 -1
406 408 1 -7
407 409 9 5
406 410 10 -10
406 411 5 -10
408 412 3 3
410 413 3 4
409 414 10 0
414 415 7 -1
413 416 1 -2
414 417 1 9
414 418 7 -8
418 419 4 -10
418 420 1 7
416 421 10 -6
421 422 7 2
420 423 10 -8
422 424 5 7
421 425 4 -8
425 426 4 8
423 427 5 2
424 428 6 6
427 429 4 -9
427 430 1 10
427 431 4 3
431 432 6 6
429 433 6 10
430 434 8 -2
432 435 5 -9
433 436 9 -5
434 437 6 -9
433 438 4 -1
434 439 2 -8
436 440 2 3
440 441 9 4
441 442 3 10
439 443 5 -8
440 444 5 10
440 445 9 -5
441 446 4 7
446 447 7 -10
445 448 4 0
446 449 4 -10
447 450 1 10
449 451 4 2
450 452 2 1
451 453 2 -5
450 454 5 -7
450 455 7 -8
453 456 7 0
453 457 6 3
456 458 1 -4
456 459 1 2
456 460 6 5
459 461 4 -5
459 462 2 6
461 463 3 3
461 464 7 -10
463 465 2 3
464 466 8 -1
463 467 10 4
463 468 2 -3
468 469 1 -9
468 470 4 2
467 471 2 -1
468 472 10 -3
468 473 5 7
472 474 4 -3
474 475 10 5
474 476 2 -1
475 477 2 2
473 478 5 -5
474 479 1 -3
477 480 6 1
479 481 6 2
478 482 5 0
481 483 4 -3
480 484 9 -4
481 485 7 -1
485 486 10 6
484 487 1 -7
483 488 9 -7
484 489 8 9
488 490 4 4
486 491 4 5
489 492 2 -7
489 493 5 9
489 494 1 5
494 495 7 6
494 496 5 -6
496 497 4 0
496 498 9 -3
495 499 3 -6
499 500 3 -3
498 501 8 -9
497 502 6 4
498 503 2 -9
502 504 10 4
503 505 5 -4
503 506 7 -7
503 507 3 0
505 508 8 -4
504 509 2 0
506 510 2 -8
507 511 3 -2
509 512 5 -9
509 513 10 2
509 514 5 -5
510 515 4 6
511 516 1 -8
516 517 1 -1
516 518 6 3
514 519 4 8
517 520 10 1
517 521 9 -9
518 522 5 4
518 523 1 -8
522 524 7 -8
520 525 6 -4
524 526 4 1
524 527 10 -10
523 528 10 1
528 529 9 4
526 530 2 6
528 531 10 4
527 532 6 5
528 533 2 -5
533 534 9 7
530 535 6 1
531 536 4 2
534 537 5 1
535 538 2 7
538 539 1 3
536 540 8 -5
538 541 2 8
540 542 2 -8
539 543 2 3
541 544 3 -2
543 545 4 -10
542 546 2 3
542 547 1 5
544 548 4 -5
546 549 9 -10
549 550 4 -1
549 551 5 5
551 552 1 -2
549 553 5 2
550 554 3 6
552 555 1 5
555 556 2 3
555 557 1 -8
553 558 6 2
558 559 8 -1
557 560 2 3
556 561 2 10
561 562 3 -1
561 563 7 -3
559 564 5 4
561 565 5 10
564 566 10 -2
565 567 5 7
566 568 8 -4
565 569 3 10
566 570 9 -4
567 571 10 8
567 572 1 -7
569 573 2 -2
569 574 2 -9
570 575 3 9
571 576 6 -9
576 577 4 1
576 578 5 -6
574 579 1 -2
577 580 10 6
577 581 8 -2
581 582 3 -8
581 583 4 8
583 584 2 3
583 585 2 -8
581 586 9 1
582 587 6 8
583 588 4 9
586 589 7 -2
587 590 5 4
588 591 8 -6
587 592 2 -6
590 593 6 6
592 594 6 -5
594 595 9 -6
591 596 10 0
593 597 1 8
596 598 1 -1
597 599 2 6
597 600 4 3
597 601 1 4
598 602 5 10
598 603 1 7
603 604 7 9
604 605 6 -5
603 606 3 -4
605 607 1 -1
604 608 1 10
605 609 10 -1
608 610 1 4
606 611 4 2
608 612 5 -8
609 613 4 10
610 614 8 0
612 615 9 0
615 616 9 10
616 617 2 10
613 618 4 -2
615 619 3 1
619 620 6 8
618 621 9 4
617 622 5 4
620 623 3 9
620 624 3 6
621 625 6 5
623 626 5 7
622 627 8 -2
625 628 3 9
627 629 3 10
627 630 6 -3
626 631 8 -6
628 632 7 8
630 633 8 -2
633 634 9 1
633 635 6 5
635 636 4 -1
633 637 5 -1
634 638 8 -9
635 639 3 -2
638 640 5 -7
639 641 2 0
637 642 9 0
639 643 1 -1
641 644 3 7
640 645 1 -10
645 646 9 2
643 647 9 8
646 648 10 -5
646 649 1 -4
647 650 1 -5
646 651 7 -3
651 652 10 0
648 653 9 8
650 654 2 3
654 655 1 -6
653 656 4 -1
656 657 8 -5
655 658 4 8
655 659 6 -2
659 660 10 2
657 661 1 -6
659 662 1 -5
660 663 2 9
663 664 5 -6
660 665 6 -7
661 666 7 3
662 667 10 -10
665 668 4 0
664 669 10 2
669 670 3 8
668 671 7 -3
670 672 10 -9
672 673 10 -7
673 674 5 6
670 675 4 7
672 676 5 0
676 677 3 3
677 678 2 3
677 679 7 -3
678 680 8 10
680 681 9 -9
680 682 2 0
681 683 7 -2
681 684 1 6
683 685 3 10
685 686 4 -7
684 687 4 7
684 688 5 -7
687 689 7 -7
689 690 6 -7
687 691 4 10
691 692 1 7
690 693 1 -10
692 694 3 0
692 695 5 -8
691 696 10 -8
693 697 3 1
693 698 1 6
695 699 3 -7
697 700 10 -10
700 701 2 3
701 702 5 1
701 703 6 -5
700 704 10 3
701 705 9 -1
705 706 10 10
706 707 8 4
704 708 3 4
708 709 10 2
706 710 2 -6
710 711 6 4
710 712 10 -6
708 713 10 6
710 714 1 4
710 715 6 1
713 716 10 1
714 717 1 -7
714 718 4 -9
717 719 10 -3
715 720 5 -3
718 721 2 -4
721 722 4 8
722 723 9 0
721 724 4 9
722 725 2 4
722 726 2 -4
724 727 1 3
726 728 5 -9
724 729 7 10
726 730 9 2
730 731 3 -7
729 732 10 3
728 733 6 -1
733 734 3 7
730 735 3 -5
733 736 9 3
732 737 5 -3
737 738 4 0
736 739 7 -4
736 740 3 6
736 741 9 -8
738 742 10 8
739 743 3 9
742 744 1 -1
742 745 9 6
744 746 6 3
745 747 8 -3
745 748 5 1
748 749 2 10
748 750 5 -3
748 751 5 -3
750 752 7 7
751 753 10 -1
750 754 4 -7
753 755 3 2
752 756 6 5
755 757 4 -8
756 758 8 -10
756 759 4 0
758 760 4 -10
756 761 1 8
757 762 2 -4
760 763 4 -1
763 764 8 3
764 765 10 5
765 766 10 3
763 767 4 1
765 768 4 8
766 769 3 7
769 770 4 -2
766 771 7 -8
771 772 1 1
772 773 5 1
771 774 10 9
774 775 6 1
772 776 4 -4
774 777 2 -1
773 778 7 -6
774 779 8 -1
777 780 10 -3
779 781 8 8
779 782 3 -2
778 783 10 -10
782 784 1 -7
782 785 6 7
785 786 5 6
782 787 5 -6
785 788 5 -9
788 789 7 8
786 790 10 -4
788 791 7 4
789 792 1 1
788 793 3 7
789 794 4 0
794 795 1 3
791 796 6 5
795 797 2 5
793 798 8 10
797 799 8 -3
796 800 2 -5
800 801 9 8
799 802 4 -10
799 803 4 -1
799 804 2 7
801 805 3 3
803 806 1 0
803 807 8 -8
803 808 5 9
804 809 3 2
808 810 8 -1
810 811 3 4
808 812 8 4
810 813 6 -7
811 814 7 -1
812 815 1 1
811 816 8 3
815 817 3 7
816 818 6 -9
817 819 8 1
817 820 3 2
816 821 7 8
817 822 5 -9
822 823 10 6
820 824 8 -4
822 825 1 1
823 826 5 0
826 827 1 9
826 828 9 -7
824 829 2 -1
827 830 6 8
828 831 10 9
829 832 1 -4
830 833 10 -5
833 834 5 7
833 835 9 -6
835 836 10 8
833 837 9 1
837 838 2 -6
836 839 3 5
837 840 1 9
840 841 7 -10
838 842 4 8
841 843 2 1
841 844 1 -5
840 845 3 -6
844 846 5 -8
844 847 7 -1
847 848 8 -7
844 849 9 2
846 850 1 -10
849 851 1 -4
851 852 7 -6
852 853 2 -6
850 854 9 3
852 855 1 9
855 856 4 5
852 857 5 2
855 858 8 -5
854 859 4 -4
858 860 6 -10
858 861 3 8
861 862 5 -1
859 863 10 5
863 864 6 -10
862 865 6 -1
862 866 2 -3
862 867 3 2
867 868 8 -4
868 869 2 -2
869 870 8 -5
866 871 4 -6
870 872 8 -4
869 873 5 8
873 874 10 5
874 875 10 -10
875 876 3 0
874 877 4 -5
875 878 5 5
878 879 2 7
876 880 4 -7
876 881 4 -10
880 882 6 -3
878 883 4 9
881 884 4 -10
882 885 4 -6
882 886 10 8
883 887 3 5
885 888 9 -3
886 889 1 -2
885 890 8 7
889 891 8 -4
889 892 10 -10
888 893 4 3
892 894 2 -9
894 895 3 0
892 896 2 0
894 897 2 -7
894 898 3 -2
897 899 2 4
895 900 9 1
896 901 5 8
899 902 6 9
900 903 1 10
900 904 10 -9
901 905 1 -2
902 906 4 3
903 907 9 -2
905 908 7 10
905 909 8 10
908 910 4 5
908 911 7 -5
909 912 10 7
910 913 4 1
913 914 4 -6
914 915 9 -10
913 916 5 8
915 917 4 -3
917 918 6 -2
915 919 7 3
918 920 2 -9
919 921 6 -8
919 922 8 -8
920 923 9 7
919 924 4 -1
921 925 3 7
922 926 4 2
926 927 2 5
927 928 6 2
928 929 3 8
928 930 2 4
926 931 1 9
928 932 5 -6
931 933 7 1
931 934 1 7
932 935 8 -7
934 936 2 5
933 937 3 8
937 938 8 7
938 939 6 0
938 940 5 -1
936 941 6 -5
941 942 10 -5
938 943 4 -3
940 944 7 10
940 945 5 -4
943 946 7 4
944 947 7 7
946 948 1 8
948 949 5 0
945 950 8 7
949 951 3 1
950 952 2 10
950 953 7 7
950 954 8 10
953 955 7 3
955 956 10 4
954 957 5 -4
957 958 1 2
955 959 7 2
955 960 9 -9
956 961 3 -4
957 962 1 -7
960 963 6 -2
960 964 4 6
963 965 7 4
964 966 3 -7
962 967 8 6
964 968 8 1
968 969 7 -3
965 970 9 6
967 971 10 0
967 972 2 -8
970 973 7 -10
971 974 4 -8
972 975 3 7
975 976 10 9
975 977 8 8
976 978 9 1
978 979 1 8
976 980 8 6
976 981 1 5
979 982 2 -6
980 983 3 -10
980 984 3 0
981 985 2 6
984 986 10 -1
982 987 9 10
987 988 1 -6
985 989 7 7
985 990 2 4
990 991 3 -5
988 992 1 -7
989 993 7 9
993 994 5 -4
994 995 9 9
992 996 7 5
992 997 2 1
993 998 1 -5
998 999 1 -9
998 1000 10 6
501 526 4 -10
923 959 2 6
525 806 7 -8
680 730 10 -8
319 609 10 7
22 828 7 -8
453 979 8 -8
145 846 5 -5
277 897 9 4
75 946 6 4
260 266 10 9
295 618 1 8
49 390 8 -1
14 982 10 4
20 978 4 2
180 799 8 2
749 902 6 7
205 525 6 8
498 622 6 -4
58 691 1 -5
47 596 3 10
221 427 5 8
270 345 3 9
632 759 9 -1
696 756 9 -5
198 416 3 4
816 903 5 7
927 960 1 8
190 998 10 -9
171 660 5 3
553 806 6 4
266 762 3 2
754 972 5 7
492 848 5 1
559 788 4 -3
278 649 2 7
117 204 6 8
476 800 4 3
489 859 3 -3
304 930 5 10
113 762 1 -9
124 540 7 9
745 883 9 9
291 898 4 -7
60 469 1 0
305 927 3 -8
560 706 3 8
283 337 5 -6
878 971 6 5
513 608 1 -10
723 924 2 10
148 578 9 -6
710 851 10 -7
205 387 6 1
228 565 6 -5
1 503 4 10
63 687 8 10
525 799 8 -8
561 992 2 -10
387 781 8 5
180 692 2 3
187 994 4 8
626 988 9 -7
850 861 4 0
244 948 1 6
439 825 6 5
752 927 10 9
205 354 4 -5
266 443 5 4
207 389 8 -5
214 235 8 -1
494 721 5 3
233 403 5 -8
54 126 8 10
49 568 4 7
120 354 7 5
117 353 3 -9
621 648 2 10
631 969 1 -2
177 587 4 0
719 735 9 -3
549 584 3 -1
140 678 8 3
28 731 1 6
237 831 9 5
228 749 10 10
69 116 1 -4
660 707 10 0
346 754 9 10
74 982 7 1
172 723 5 -8
268 689 9 2
136 386 1 2
398 775 1 4
241 703 3 -7
245 928 3 10
565 974 8 -9
627 802 8 -9
726 783 6 1
411 636 3 -6
233 974 6 8
69 613 3 -4
549 789 5 -7
163 792 10 3
78 403 10 -5
888 917 5 -10
305 582 10 4
675 755 5 -6
531 558 8 -7
286 623 5 -1
333 507 7 10
7 722 9 -2
88 992 5 -9
407 438 6 0
531 906 4 -6
347 499 8 4
74 141 8 9
696 887 6 -2
366 743 4 -6
591 763 10 6
604 992 3 5
480 519 8 1
110 682 3 -4
279 275 1 1
128 503 8 5
35 898 3 8
192 694 1 3
351 916 7 -2
476 889 9 5
54 116 6 -2
280 383 3 -1
159 762 7 10
274 509 3 -9
21 745 9 -5
547 763 8 -5
499 815 4 -10
22 738 6 6
286 695 8 0
146 926 6 -2
672 747 9 8
148 277 9 -7
178 606 10 -7
130 839 5 1
435 839 7 1
674 887 7 7
168 974 10 2
319 401 2 -6
319 409 4 10
108 770 7 -5
129 180 3 8
164 842 8 -3
131 484 2 -3
56 400 6 1
397 405 6 1
205 881 6 3
444 726 10 -3
210 393 7 5
943 986 7 6
214 667 7 -7
631 987 10 -3
280 743 1 -4
114 924 6 -1
459 647 10 9
513 821 1 -3
305 584 2 -7
538 657 7 -6
440 747 1 -2
100 393 6 3
138 736 8 -3
425 747 6 4
330 338 5 10
517 830 10 4
220 994 3 -4
720 909 7 -6
274 380 10 -7
11 314 9 -3
465 616 7 -5
67 65 8 1
266 658 3 7
792 917 8 3
318 883 8 -6
197 959 7 9
658 735 9 -6
33 641 7 -6
176 413 9 -9
592 647 6 3
485 962 4 -2
33 715 3 4
455 918 8 10
879 943 6 -10
125 851 10 -3
50 813 3 6
249 472 9 -10
132 936 9 -10
335 859 2 5
396 587 1 -2
241 879 8 2
441 897 7 -3
251 901 6 -1
422 778 3 -9
121 837 2 2
944 955 7 -9
278 497 10 -3
59 119 7 -4
129 164 3 -4
329 763 7 2
721 841 6 -6
454 827 4 -1
209 872 10 -3
344 927 5 -6
50 175 3 7
409 835 2 -8
289 594 4 10
150 823 4 -4
128 447 9 7
276 402 2 4
353 693 6 -7
233 508 1 -1
822 918 7 -6
411 913 2 -1
441 832 7 4
157 257 8 10
294 668 9 1
274 656 7 5
496 549 1 5
559 576 5 5
106 629 10 0
877 953 5 -10
586 814 9 6
771 876 9 3
435 957 3 6
135 555 4 10
208 732 7 -1
241 798 7 -8
359 439 10 -10
275 506 3 3
373 813 4 1
108 640 5 -9
413 978 3 10
12 110 4 5
161 423 8 1
668 791 8 7
68 459 6 6
720 824 5 -9
290 818 6 -1
327 989 3 2
281 915 6 0
105 108 3 -2
195 273 8 1
8 665 8 9
186 782 2 2
383 983 10 2
32 263 3 3
4 344 4 -6
88 999 2 -6
115 817 6 10
796 855 1 -8
520 734 3 -3
99 393 4 -7
413 725 10 2
737 836 4 9
737 978 6 0
29 66 10 8
739 972 9 -4
387 498 8 -6
324 509 8 7
28 233 3 -7
343 607 10 -10
165 283 7 -1
529 925 7 1
557 906 5 3
553 994 8 -6
442 670 2 3
347 402 5 10
666 842 10 10
56 433 1 -10
324 535 10 -9
203 497 3 -3
710 971 5 -6
446 671 6 -2
85 933 7 -2
558 629 5 9
32 510 3 1
85 541 2 4
545 570 10 -6
177 203 4 0
186 980 2 7
78 184 8 2
333 692 1 -5
618 927 10 -8
179 418 3 0
299 620 6 -2
346 762 5 1
734 748 5 8
172 928 7 1
633 895 10 -3
220 461 5 -9
354 742 3 10
13 792 7 -10
154 828 9 2
801 997 3 1
254 672 5 -8
238 490 8 5
267 904 6 -3
526 578 2 8
324 467 9 5
337 654 9 -4
469 771 3 6
482 873 3 -6
311 921 1 1
76 709 8 -2
164 336 5 9
118 350 10 5
338 586 3 -3
208 355 2 -4
128 418 8 4
98 552 8 7
334 484 9 8
422 776 8 10
309 743 9 5
526 985 1 8
86 607 2 -10
257 746 6 -8
217 379 3 6
311 581 5 6
263 482 3 3
1 57 4 4
906 975 3 2
398 443 4 5
999 996 1 -5
142 278 6 0
314 656 1 -9
593 727 2 0
478 631 1 9
236 615 2 -9
699 993 5 -1
690 812 7 10
544 651 4 -5
409 451 3 -10
639 707 8 -1
25 716 10 8
124 517 5 5
278 783 4 9
19 723 1 5
403 589 5 4
60 576 6 -4
75 519 8 0
212 870 3 -8
357 601 6 -3
530 585 3 8
242 986 6 -1
426 970 4 5
620 747 7 -1
350 545 6 -3
619 658 6 6
105 584 1 -8
370 755 6 -2
181 804 4 3
215 582 4 4
68 225 9 -10
228 727 6 -3
48 972 3 -7
358 870 9 1
310 317 2 7
401 619 3 3
622 848 6 -9
98 777 5 6
50 216 2 -5
30 394 1 -4
127 773 4 -7
235 658 6 0
438 580 3 -4
48 748 5 7
15 572 8 5
215 466 10 7
14 821 10 4
141 749 6 3
368 932 4 3
484 879 6 -9
390 606 10 0
437 885 8 2
688 979 5 -1
547 687 6 2
386 618 2 3
197 897 1 -3
647 851 7 -5
562 914 6 7
149 206 1 9
435 798 10 1
434 934 7 3
547 719 8 8
761 841 2 -10
727 911 9 10
38 974 9 -3
74 529 7 9
178 520 4 10
428 988 7 2
73 804 5 -1
137 953 10 -4
406 575 5 1
72 445 5 -1
382 508 3 8
295 945 3 8
102 653 4 10
269 488 4 -6
407 477 5 0
33 105 1 8
58 615 9 9
392 715 5 0
5 650 3 3
65 530 6 1
29 203 10 5
302 405 10 -1
465 865 4 4
45 406 4 8
165 772 2 -7
907 998 8 -1
139 918 4 -10
35 612 1 8
638 984 3 -10
169 689 2 -7
228 295 10 -4
132 852 7 -8
110 114 1 2
406 710 5 -8
417 530 1 -3
35 848 2 -4
416 992 4 -3
378 568 4 6
296 309 4 8
767 903 8 -5
337 433 10 -5
671 809 2 -6
85 183 5 -6
545 638 9 -10
62 208 4 10
571 874 7 -7
689 822 1 8
55 587 1 -4
193 597 7 -8
816 938 1 2
437 681 7 -4
120 320 8 5
116 597 9 -5
74 954 4 -4
137 595 9 -1
434 827 10 -3
302 488 8 -2
560 631 2 3
79 967 1 8
499 789 4 -2
43 755 8 -9
459 780 2 -4
54 409 2 -3
460 956 10 -10
312 507 1 1
387 948 10 -8
704 793 7 -7
744 880 7 -3
365 550 10 -5
119 608 2 10
129 559 4 -5
131 661 5 -4
392 621 6 8
200 448 5 -3
438 930 8 -10
476 814 3 9
327 450 9 -9
808 967 9 -1
186 698 8 1
30 690 8 -3
829 856 5 2
238 577 10 1
148 700 1 7
167 283 3 -5
681 901 9 -2
199 743 5 -8
412 916 9 -1
292 896 1 3
482 973 8 1
72 738 10 2
739 838 1 8
214 558 4 -5
489 522 3 9
185 279 9 5
81 175 1 2
125 208 8 -5
632 866 7 4
385 961 10 6
634 708 3 -8
272 400 4 -9
34 875 7 -8
47 691 2 0
779 988 5 -1
17 798 3 -3
651 722 2 -3
175 326 8 -9
544 611 7 -2
249 380 3 -1
226 514 8 0
289 679 4 -7
34 135 7 0
441 959 8 5
459 864 5 7
261 303 8 -9
414 726 7 -5
624 743 8 -10
107 220 4 -4
661 770 5 8
97 161 1 3
297 584 7 5
651 740 8 7
619 814 4 3
743 933 2 5
513 710 1 -4
143 300 10 8
26 955 4 -6
466 943 9 6
558 904 7 -6
350 874 5 -1
639 984 4 3
161 608 6 6
466 480 5 -6
133 211 10 4
176 470 4 -9
98 236 8 0
432 544 4 -5
728 844 9 6
605 875 6 -8
94 625 9 -2
75 600 3 -2
2 555 6 -1
386 756 4 -10
636 657 5 1
195 452 3 -1
458 592 3 -2
582 639 3 1
430 458 5 2
914 960 10 10
207 313 2 6
52 127 2 -5
61 751 5 -4
599 622 3 -1
190 290 5 -3
331 801 4 -5
512 652 3 -7
686 944 5 10
47 418 9 -7
163 927 7 -3
666 852 4 4
148 982 9 6
138 294 9 -9
399 481 3 6
129 198 10 5
372 595 3 2
445 999 5 6
9 844 1 -1
354 815 3 2
206 367 8 -9
398 522 10 -4
274 878 5 8
244 475 9 -8
631 741 9 -10
467 674 2 -5
4 140 8 9
219 843 7 5
317 937 8 8
30 610 4 -7
52 455 3 10
420 530 2 3
206 812 4 4
326 946 4 -8
273 592 6 7
39 345 2 -8
483 772 9 -6
669 784 8 1
416 632 1 9
293 621 6 7
185 941 8 3
684 918 8 1
152 307 1 -1
33 930 1 -1
127 492 3 6
264 991 8 6
369 373 3 4
703 926 9 6
244 359 3 7
386 854 9 1
331 781 6 -10
403 794 1 -2
182 273 9 -7
496 996 5 -8
574 650 5 5
216 283 6 4
113 892 7 -1
687 864 2 -9
317 806 4 -4
415 661 3 7
301 583 1 0
736 778 1 -10
75 831 3 -9
97 143 2 6
710 992 10 -10
124 937 3 -4
548 626 3 1
574 698 4 8
446 858 1 -1
162 319 3 4
380 603 6 -4
1 246 5 2
401 854 1 0
89 209 8 5
204 524 6 -10
284 409 7 -9
28 66 6 -9
110 647 7 -6
517 624 8 -10
478 564 4 9
355 828 5 6
558 656 9 8
132 837 2 -3
142 971 8 2
508 701 10 -7
343 639 4 -2
247 898 8 -2
315 781 6 10
82 268 3 3
210 384 5 4
765 885 8 1
485 511 4 -10
400 852 9 -7
123 538 9 2
533 857 2 1
294 589 1 -3
234 937 6 4
493 759 8 1
810 985 3 -6
590 777 3 6
625 654 6 -1
920 940 10 7
410 449 9 -10
698 911 7 1
81 622 10 4
339 468 5 -4
639 874 8 9
358 968 1 -5
96 840 5 8
297 311 3 -10
20 306 6 9
400 788 4 6
95 709 10 1
496 614 4 -7
799 858 2 -9
397 508 4 3
827 932 8 -7
121 248 6 -1
621 744 6 1
41 45 2 1
111 274 9 -3
117 568 1 2
340 639 10 7
338 400 5 5
111 434 8 -2
168 574 3 1
542 782 8 3
785 799 7 -5
137 902 1 2
734 1000 9 6
746 963 5 7
604 787 8 4
784 956 6 -6
113 675 7 6
621 964 2 4
140 808 1 1
625 715 4 8
255 689 6 6
300 726 9 -2
199 975 5 7
17 424 10 1
54 251 2 -1
262 642 6 -8
193 709 5 0
183 381 8 7
443 852 3 8
471 856 8 10
664 899 8 1
543 743 6 5
481 768 2 8
434 454 6 -7
375 710 1 10
500 653 10 8
303 366 7 5
636 725 6 -5
108 274 4 -1
93 98 4 1
81 114 8 -8
127 504 2 -3
95 612 6 7
837 854 9 1
690 967 2 -1
355 778 8 5
144 834 4 -10
338 640 10 4
317 623 8 8
15 170 2 7
110 954 8 6
31 547 8 8
55 374 10 -3
209 588 1 0
119 646 8 3
294 736 2 5
148 260 6 2
413 660 9 3
196 481 5 -6
82 349 4 -10
19 534 8 -9
342 388 1 8
157 680 5 -3
188 587 8 1
448 729 8 7
28 268 6 -7
289 409 10 1
313 885 6 -6
305 707 8 3
105 400 1 -1
378 848 7 -8
346 496 6 -8
13 946 7 10
37 170 2 -5
251 824 1 4
419 662 2 5
711 715 9 0
118 850 5 -10
419 832 8 1
148 384 10 -10
279 297 3 -4
637 889 4 -2
20 957 1 -5
234 484 4 5
234 504 4 -7
5 371 7 -10
523 544 1 6
94 842 1 -7
557 995 9 -1
202 704 5 -10
539 863 6 -1
120 179 7 7
601 670 3 5
100 689 4 -7
258 632 5 10
117 931 5 4
714 791 6 -1
816 960 7 8
135 882 2 2
192 377 9 1
607 659 6 0
270 653 2 -9
23 696 3 -2
762 818 8 -5
319 688 10 -8
385 526 1 -1
86 960 9 -5
689 869 4 -5
132 667 7 8
450 766 6 -3
332 762 6 4
89 143 8 10
391 489 7 10
99 290 9 7
143 767 10 -1
708 753 9 -2
478 492 6 -6
424 817 2 -8
110 911 1 -5
28 479 3 -9
412 443 10 4
133 333 3 0
631 781 5 8
173 719 3 -5
485 589 8 -7
53 246 2 3
718 752 10 -1
347 884 2 9
453 931 9 6
158 842 2 0
10 275 10 2
193 899 7 10
266 304 6 -6
385 897 10 8
249 808 7 6
390 536 1 -5
826 993 8 3
212 889 9 2
291 773 4 6
667 833 1 -2
709 899 1 9
566 848 1 -8
592 622 9 -10
245 411 2 -8
817 873 8 -9
440 572 2 -5
336 487 2 -1
337 416 5 -5
530 887 8 -7
355 600 2 -8
499 861 10 4
608 726 3 5
451 457 10 -5
623 887 3 5
190 813 5 0
24 389 6 -2
796 827 6 4
221 761 3 -1
172 784 8 -7
105 233 10 5
369 740 6 10
231 612 1 -5
618 991 1 -8
107 944 3 1
523 702 7 -7
474 780 10 -7
306 714 7 5
543 713 5 0
62 523 2 -2
137 680 10 -1
579 728 4 9
569 650 2 -8
56 837 4 4
820 921 4 -2
119 323 1 -6
249 712 8 4
447 742 3 8
152 948 1 -2
48 757 1 6
229 934 1 -5
329 659 7 -10
303 362 3 -2
800 877 1 8
36 959 3 5
596 837 2 -2
103 288 9 -10
52 796 10 -9
734 845 6 -1
893 929 10 -5
233 560 3 9
705 964 2 -3
53 358 6 -7
631 731 7 -9
32 854 8 2
530 721 10 8
778 902 6 2
93 566 4 3
545 665 4 -10
119 709 9 2
282 695 1 3
933 962 7 -4
355 863 2 3
16 152 4 5
379 429 8 -7
3 461 10 -10
405 688 1 7
487 913 3 3
195 486 7 -4
39 449 1 -1
93 659 6 2
71 400 2 -2
93 759 6 8
735 806 5 5
137 855 6 3
385 737 3 3
201 366 8 6
423 448 9 -10
74 716 2 6
93 550 10 -4
683 807 1 10
599 787 3 -4
68 92 3 9
423 485 5 -1
228 599 7 -10
616 899 1 -9
74 593 4 8
175 390 8 7
470 983 6 10
92 749 2 2
129 802 7 -7
315 480 1 -8
55 594 2 -7
535 653 5 3
437 941 6 3
466 549 1 7
88 700 2 3
318 529 9 5
65 260 1 -7
677 935 10 2
171 557 2 -9
21 686 3 -1
56 458 5 6
8 121 5 2
657 730 8 -1
345 837 2 2
135 478 5 -10
324 822 2 3
208 675 10 4
323 447 1 3
36 459 3 -10
194 328 1 2
44 811 10 10
596 945 6 -2
8 726 1 0
563 946 2 6
744 868 10 3
186 988 6 1
446 554 3 7
378 488 2 8
30 759 10 8
116 426 1 7
113 914 3 -2
152 423 7 8
239 306 10 -8
611 938 5 8
479 934 4 9
392 415 1 6
309 411 1 -9
301 312 5 0
593 789 7 3
451 919 7 -6
569 979 3 2
165 259 8 10
443 483 10 -4
7 45 5 2
624 665 9 -6
463 574 8 5
250 413 6 6
698 943 2 -10
238 716 6 5
569 921 10 -2
90 742 9 -6
499 904 2 -1
651 689 5 -2
136 202 8 10
393 794 1 8
48 396 10 -3
165 713 1 0
124 712 8 -1
887 919 3 -9
197 754 10 -4
219 956 3 4
178 324 5 -8
844 916 9 8
832 891 2 0
538 993 1 7
275 977 1 8
833 925 4 -10
140 501 3 -6
82 425 9 1
322 667 3 -10
165 367 10 9
54 461 4 -7
377 903 1 -5
664 757 3 8
135 464 10 10
717 904 1 -10
276 868 9 8
507 687 6 9
279 702 5 -2
401 908 8 10
543 646 9 -9
233 864 7 4
350 991 5 -6
6 136 1 -2
133 727 2 -7
356 565 8 7
343 730 6 -6
50 480 6 -4
724 752 10 3
237 267 2 -7
351 587 4 4
475 576 10 0
442 958 2 4
265 562 9 4
971 987 2 -10
515 538 3 3
125 547 9 -9
426 879 2 3
239 961 7 5
773 798 1 -10
147 652 7 3
857 938 3 -6
163 901 9 1
76 793 6 -7
367 674 7 -10
935 1000 1 7
559 967 3 -8
220 467 2 2
128 600 5 1
494 795 9 -9
839 997 10 -1
40 844 3 -7
195 204 5 -10
410 950 9 -2
337 781 2 6
