1000 2000
1 2 6 -9
1 3 9 6
1 4 6 9
2 5 3 7
1 6 7 -1
6 7 2 10
7 8 6 -5
8 9 10 -6
5 10 6 4
8 11 2 7
7 12 7 -3
10 13 10 -4
9 14 10 -3
12 15 8 0
14 16 3 1
16 17 7 -10
14 18 10 6
14 19 9 7
17 20 5 -7
16 21 3 6
20 22 6 2
19 23 1 -8
19 24 2 10
20 25 6 6
23 26 9 9
25 27 8 -1
23 28 10 -6
24 29 6 3
27 30 7 1
29 31 6 -8
27 32 7 10
29 33 8 8
30 34 1 -6
31 35 4 4
32 36 10 4
33 37 5 -4
36 38 3 -4
36 39 7 -1
38 40 2 -2
36 41 1 8
40 42 5 5
42 43 5 -8
43 44 2 -5
44 45 2 7
42 46 9 -7
45 47 6 8
43 48 9 -1
46 49 8 -6
45 50 6 2
48 51 9 3
49 52 4 0
52 53 6 8
51 54 1 -3
54 55 10 10
53 56 10 -3
54 57 4 -5
54 58 8 10
58 59 8 10
56 60 8 8
56 61 6 -5
60 62 7 4
59 63 8 -7
59 64 4 -4
64 65 5 0
64 66 5 3
62 67 5 2
64 68 6 8
67 69 9 1
67 70 5 7
70 71 9 -10
69 72 3 -8
70 73 1 8
70 74 7 10
73 75 8 7
71 76 2 -6
72 77 9 5
75 78 5 -9
75 79 2 4
79 80 2 10
76 81 10 -1
79 82 8 -7
79 83 3 -5
79 84 5 2
82 85 6 -2
84 86 8 6
85 87 9 -9
83 88 4 -10
88 89 4 -2
89 90 3 10
88 91 2 -10
88 92 1 5
88 93 10 -4
89 94 4 4
91 95 8 3
93 96 8 -8
92 97 5 6
96 98 3 -10
98 99 3 -6
97 100 9 2
96 101 2 0
98 102 6 1
99 103 6 1
103 104 8 3
100 105 3 3
101 106 5 9
102 107 5 -10
105 108 8 1
104 109 8 -1
107 110 6 4
107 111 9 -8
110 112 2 -8
111 113 7 0
111 114 3 2
112 115 8 -5
114 116 1 -3
114 117 5 -9
117 118 4 -1
114 119 6 -5
117 120 7 0
120 121 9 -5
121 122 7 9
120 123 10 -4
122 124 1 -1
124 125 7 -9
122 126 1 -6
126 127 4 7
124 128 8 7
124 129 3 0
129 130 1 2
126 131 3 -7
127 132 9 7
130 133 1 -9
132 134 5 5
131 135 1 0
134 136 6 -1
133 137 8 5
133 138 8 2
136 139 9 7
137 140 9 -8
140 141 10 -8
141 142 6 -1
140 143 1 2
142 144 5 -7
141 145 9 2
142 146 7 0
142 147 9 -10
145 148 6 -4
146 149 1 -1
145 150 3 -2
147 151 6 3
151 152 1 -2
150 153 4 6
150 154 2 4
150 155 3 -1
151 156 4 3
153 157 7 -9
157 158 2 -5
158 159 7 8
158 160 8 -9
158 161 7 -7
158 162 1 3
161 163 9 -6
160 164 7 -2
161 165 9 -6
161 166 1 -2
162 167 7 0
165 168 10 -3
165 169 7 2
165 170 5 -10
167 171 7 8
169 172 10 2
168 173 9 -4
171 174 7 9
171 175 9 0
175 176 3 -8
172 177 2 8
175 178 5 5
174 179 9 5
178 180 6 5
177 181 3 6
180 182 9 6
178 183 8 -10
182 184 6 -8
181 185 7 10
182 186 8 2
183 187 7 -7
183 188 1 10
188 189 3 10
189 190 8 3
189 191 1 -3
187 192 7 9
189 193 2 9
193 194 7 1
192 195 5 -2
194 196 4 -10
195 197 9 7
193 198 7 0
196 199 8 6
198 200 8 -3
198 201 5 5
200 202 4 7
199 203 6 -1
203 204 1 5
202 205 7 3
202 206 7 7
203 207 6 -10
203 208 6 -1
204 209 3 0
207 210 9 -1
210 211 10 -5
207 212 5 8
212 213 8 7
211 214 3 -2
212 215 3 -5
215 216 6 -3
214 217 10 7
217 218 2 8
216 219 5 9
217 220 5 6
219 221 8 6
218 222 3 3
222 223 2 -8
221 224 6 4
222 225 4 7
225 226 10 6
224 227 3 6
226 228 9 10
226 229 7 5
228 230 10 0
229 231 8 2
228 232 1 -8
230 233 8 10
230 234 1 -1
231 235 3 1
235 236 8 -4
232 237 10 -5
235 238 4 7
238 239 6 -2
236 240 7 -2
240 241 5 -5
238 242 6 -10
240 243 1 0
242 244 8 -1
242 245 4 -7
245 246 10 -4
245 247 5 10
243 248 6 -1
244 249 7 -10
246 250 4 -3
250 251 4 10
248 252 9 -5
248 253 4 8
251 254 9 -7
254 255 10 0
251 256 7 4
256 257 8 6
257 258 10 -6
258 259 8 7
258 260 1 0
256 261 4 10
261 262 8 -2
262 263 8 -1
263 264 4 0
262 265 2 1
263 266 10 -1
263 267 8 3
265 268 10 -5
265 269 4 -2
268 270 6 7
267 271 1 -2
271 272 7 1
270 273 5 6
269 274 3 10
271 275 10 5
274 276 5 2
276 277 5 8
276 278 4 -6
275 279 10 -7
276 280 2 0
278 281 1 -6
281 282 3 3
282 283 9 0
282 284 10 5
283 285 2 -2
282 286 7 -1
284 287 7 -2
286 288 3 -2
284 289 2 -8
289 290 10 5
288 291 3 0
289 292 1 5
290 293 7 -2
290 294 7 -10
293 295 2 -4
295 296 1 9
292 297 8 5
293 298 8 -3
297 299 1 -9
299 300 8 9
298 301 6 8
299 302 5 -2
300 303 5 -8
299 304 10 0
304 305 10 8
302 306 2 -9
302 307 10 5
306 308 4 -2
304 309 6 0
308 310 10 1
310 311 5 3
307 312 2 6
312 313 9 2
313 314 5 10
314 315 5 4
313 316 5 -9
313 317 1 -4
313 318 8 1
318 319 6 5
317 320 1 -6
319 321 5 4
320 322 1 3
318 323 4 -3
321 324 9 -9
324 325 4 0
323 326 7 -3
324 327 6 4
325 328 2 1
325 329 6 -10
327 330 4 -3
326 331 8 -9
327 332 5 3
331 333 1 8
329 334 9 -4
332 335 6 6
333 336 3 10
335 337 7 -10
335 338 1 2
334 339 9 3
337 340 3 -3
336 341 8 -9
337 342 10 8
341 343 7 9
339 344 10 -3
344 345 3 -1
341 346 3 -4
342 347 9 -3
344 348 3 -2
346 349 4 7
346 350 9 -5
348 351 3 -4
349 352 3 10
350 353 7 -9
350 354 5 5
351 355 8 7
351 356 2 2
356 357 6 5
355 358 3 -1
357 359 7 -7
359 360 8 -1
357 361 4 8
358 362 9 -5
359 363 1 3
362 364 2 -7
360 365 4 -8
363 366 1 -6
364 367 6 4
367 368 9 -6
366 369 10 -4
367 370 2 3
367 371 1 10
370 372 1 -5
368 373 3 -2
372 374 4 6
370 375 6 -6
371 376 5 4
375 377 9 -9
376 378 8 -4
374 379 10 -5
379 380 4 -8
379 381 2 -5
379 382 6 5
378 383 7 5
383 384 7 2
380 385 8 -1
385 386 10 2
382 387 2 3
386 388 5 0
387 389 2 6
386 390 6 1
388 391 5 1
387 392 7 5
389 393 4 8
389 394 8 1
390 395 5 -7
393 396 2 -10
393 397 5 10
396 398 1 8
398 399 9 -6
398 400 9 5
398 401 4 -1
400 402 2 -6
398 403 3 -5
401 404 6 -8
400 405 4 9
403 406 5 4
402 407 2 3
405 408 7 1
407 409 2 -7
408 410 8 -4
409 411 7 -6
409 412 3 -10
408 413 6 5
409 414 2 -6
412 415 10 -8
412 416 6 -3
416 417 4 9
415 418 4 9
418 419 8 9
415 420 4 4
416 421 10 -6
421 422 5 -3
421 423 4 2
421 424 10 -5
423 425 1 -5
421 426 3 2
426 427 1 -1
426 428 7 -5
427 429 10 -4
425 430 5 7
429 431 2 -9
428 432 4 -3
428 433 3 -4
429 434 5 -7
431 435 3 -3
433 436 3 -8
434 437 5 -8
433 438 3 6
436 439 5 -6
435 440 6 4
436 441 7 -4
440 442 8 -10
438 443 9 3
443 444 8 7
442 445 9 3
441 446 7 -9
442 447 6 -8
445 448 2 -7
447 449 7 1
446 450 3 7
449 451 5 2
449 452 1 1
448 453 3 -1
452 454 2 4
450 455 8 -3
453 456 8 -6
454 457 1 -7
453 458 10 10
456 459 2 5
459 460 7 -1
459 461 9 -2
460 462 8 -9
461 463 10 -9
459 464 4 -1
462 465 9 0
463 466 3 8
463 467 10 -1
466 468 7 0
468 469 1 2
465 470 6 0
469 471 4 -9
470 472 10 -9
471 473 2 7
471 474 9 8
474 475 5 -2
471 476 8 3
474 477 4 8
476 478 4 4
476 479 8 8
479 480 6 7
476 481 3 9
480 482 6 -1
479 483 1 -7
483 484 2 3
481 485 7 -8
481 486 1 3
482 487 1 -6
485 488 5 6
485 489 1 0
489 490 9 -9
488 491 3 -2
487 492 10 -1
491 493 1 7
490 494 6 3
491 495 10 -4
493 496 7 5
494 497 6 1
493 498 6 7
496 499 10 -8
495 500 6 1
497 501 9 -6
499 502 4 -1
502 503 1 -2
502 504 5 4
502 505 6 3
501 506 10 3
502 507 3 3
503 508 3 -4
505 509 1 -6
509 510 2 7
507 511 1 7
510 512 6 4
508 513 7 10
511 514 6 -5
512 515 6 3
514 516 9 -4
515 517 1 3
516 518 8 -1
514 519 7 3
515 520 10 0
519 521 7 -10
518 522 9 -7
522 523 2 -4
521 524 7 -9
520 525 7 -5
521 526 5 5
526 527 7 9
526 528 3 3
526 529 10 -1
526 530 10 10
526 531 7 0
529 532 4 9
530 533 3 -5
531 534 2 -4
531 535 4 -2
534 536 9 2
536 537 10 -10
537 538 6 6
538 539 9 -2
539 540 1 6
538 541 7 -9
538 542 5 4
541 543 7 -9
542 544 1 3
541 545 9 6
542 546 10 5
545 547 3 -6
543 548 4 3
547 549 10 3
547 550 1 -5
550 551 8 -8
550 552 7 -3
552 553 2 -7
553 554 8 -6
554 555 10 -9
555 556 6 -1
556 557 7 0
557 558 4 9
555 559 2 6
555 560 8 -3
559 561 7 -2
557 562 8 -1
559 563 2 -4
563 564 6 -6
561 565 10 10
562 566 9 6
565 567 7 -10
565 568 7 0
566 569 5 10
569 570 8 -9
566 571 3 -5
570 572 5 2
568 573 2 2
571 574 6 10
572 575 5 -7
572 576 4 -9
573 577 1 10
576 578 9 -8
574 579 3 -7
577 580 1 -3
578 581 3 4
577 582 9 1
581 583 6 8
579 584 3 8
583 585 9 1
583 586 4 -8
583 587 4 8
587 588 2 -5
587 589 6 -5
589 590 3 -4
589 591 9 9
588 592 10 0
590 593 7 4
592 594 2 6
591 595 7 -7
595 596 8 -5
594 597 8 4
596 598 7 -5
596 599 1 -4
596 600 4 0
600 601 6 3
601 602 9 7
602 603 5 0
600 604 6 -7
604 605 10 5
605 606 9 8
605 607 1 -1
605 608 10 3
605 609 6 -5
608 610 2 5
610 611 10 5
610 612 7 -4
608 613 1 -6
611 614 7 -2
613 615 10 -2
613 616 9 -8
615 617 7 -8
613 618 7 10
615 619 2 6
618 620 1 -4
616 621 3 1
621 622 5 10
618 623 3 7
619 624 10 4
622 625 6 -3
624 626 9 0
625 627 2 -9
627 628 9 -7
626 629 9 -4
628 630 10 -7
627 631 2 -4
628 632 7 2
629 633 9 5
631 634 2 -7
631 635 4 7
634 636 10 -10
632 637 2 -7
637 638 10 -5
635 639 6 8
639 640 5 4
640 641 8 6
637 642 7 6
642 643 10 -10
643 644 4 -2
643 645 10 -2
644 646 3 9
646 647 6 8
646 648 9 1
648 649 10 -9
645 650 8 7
649 651 6 -3
647 652 5 -7
652 653 8 10
653 654 2 10
651 655 9 6
652 656 2 4
653 657 7 7
654 658 6 8
655 659 5 -5
658 660 10 2
660 661 5 -3
661 662 6 4
662 663 9 -6
663 664 8 -8
660 665 5 5
665 666 1 -2
662 667 6 -4
665 668 9 -10
664 669 8 6
669 670 1 -7
667 671 1 -10
667 672 2 -9
672 673 8 9
672 674 2 4
671 675 6 -8
671 676 10 9
675 677 7 4
677 678 6 5
675 679 2 -3
679 680 1 7
676 681 10 5
679 682 6 -4
680 683 7 -4
681 684 3 8
684 685 9 7
682 686 10 10
686 687 2 4
686 688 5 7
687 689 9 -10
687 690 1 6
687 691 3 -8
690 692 6 -9
692 693 10 -3
690 694 1 10
692 695 9 8
692 696 6 -9
694 697 10 4
696 698 5 4
698 699 7 -10
696 700 2 -10
697 701 4 3
698 702 5 -3
698 703 7 2
700 704 8 7
703 705 2 8
701 706 5 -9
706 707 2 8
703 708 3 -7
706 709 9 -2
707 710 5 10
706 711 10 0
709 712 1 5
711 713 6 -8
712 714 2 -2
712 715 5 -9
714 716 4 -10
715 717 7 -9
713 718 4 10
717 719 4 5
717 720 8 -3
717 721 6 -5
717 722 9 -9
718 723 7 8
723 724 9 6
720 725 4 -6
723 726 1 -1
723 727 2 -4
726 728 4 3
728 729 3 7
727 730 10 -7
726 731 1 10
730 732 8 -5
732 733 7 7
729 734 3 -8
730 735 4 -9
732 736 7 0
734 737 7 5
737 738 4 -2
736 739 10 5
735 740 9 -6
736 741 1 -1
739 742 9 -3
742 743 10 7
741 744 9 8
741 745 2 -6
741 746 8 -8
742 747 2 7
747 748 8 -6
745 749 8 -10
748 750 3 10
749 751 5 -9
748 752 5 -10
748 753 5 6
749 754 1 8
750 755 7 -6
751 756 7 3
753 757 9 3
754 758 3 4
754 759 7 7
758 760 9 -10
760 761 9 6
759 762 10 -8
758 763 3 5
759 764 5 10
761 765 7 1
765 766 10 10
763 767 4 4
765 768 5 -9
767 769 1 -1
765 770 3 -9
767 771 4 -6
769 772 10 7
770 773 4 1
773 774 8 8
773 775 10 -7
773 776 7 -5
773 777 4 -5
774 778 7 -6
777 779 5 8
776 780 6 -6
777 781 2 3
779 782 8 -5
779 783 5 -7
782 784 10 -6
780 785 8 10
784 786 8 8
786 787 3 -6
786 788 3 6
785 789 4 -10
789 790 9 -1
790 791 5 -10
789 792 1 -7
790 793 4 9
789 794 4 -5
794 795 2 -9
794 796 8 -2
792 797 1 8
794 798 8 -7
794 799 6 0
797 800 7 -1
800 801 7 9
797 802 8 8
798 803 8 -1
801 804 8 -5
803 805 2 0
803 806 7 2
805 807 2 1
807 808 9 9
804 809 6 -4
806 810 10 0
808 811 8 -3
808 812 6 -4
810 813 5 2
811 814 4 -4
812 815 1 -1
811 816 8 1
813 817 10 9
816 818 2 -7
815 819 8 -8
816 820 1 -9
816 821 7 10
821 822 7 5
821 823 9 -5
819 824 1 1
820 825 5 -3
825 826 3 6
823 827 1 -6
823 828 10 7
826 829 8 8
826 830 9 -8
826 831 4 8
830 832 6 0
828 833 1 4
829 834 2 0
831 835 8 -8
834 836 6 7
832 837 1 10
834 838 2 -9
836 839 10 -9
835 840 9 -9
837 841 4 -6
838 842 3 6
840 843 9 -8
842 844 2 2
844 845 5 4
841 846 2 10
842 847 4 -9
847 848 1 8
847 849 7 -3
848 850 6 -1
848 851 5 1
847 852 8 -1
850 853 4 -5
850 854 9 1
854 855 5 2
853 856 1 -5
854 857 5 5
854 858 6 4
854 859 1 -5
858 860 8 4
859 861 8 8
858 862 1 7
861 863 9 0
860 864 8 10
862 865 9 3
864 866 3 1
865 867 9 -10
867 868 10 9
865 869 8 8
865 870 6 5
869 871 1 -10
869 872 1 -8
870 873 8 6
870 874 8 10
872 875 7 -6
874 876 4 -3
873 877 5 0
873 878 2 -7
878 879 6 -1
879 880 8 2
876 881 2 2
878 882 8 9
878 883 9 -7
880 884 10 6
882 885 7 10
881 886 7 -5
882 887 4 -5
887 888 9 -7
887 889 10 2
888 890 9 9
888 891 6 -8
889 892 10 -10
892 893 3 6
890 894 4 -2
894 895 8 7
895 896 8 -8
896 897 3 -5
896 898 5 -8
894 899 9 7
897 900 7 -9
898 901 9 -2
899 902 10 9
899 903 8 -3
901 904 5 2
902 905 2 -4
904 906 8 -7
905 907 10 10
906 908 1 0
905 909 2 6
907 910 8 4
907 911 10 -9
907 912 6 -3
912 913 3 6
911 914 7 8
911 915 3 -7
913 916 7 6
912 917 1 1
914 918 1 10
916 919 9 2
917 920 2 -2
918 921 2 -6
921 922 10 2
920 923 6 6
920 924 1 7
923 925 9 2
922 926 6 4
926 927 4 7
924 928 5 3
928 929 3 -6
926 930 1 8
929 931 4 4
927 932 9 6
930 933 1 -5
930 934 1 6
931 935 1 -6
934 936 9 -1
933 937 8 -5
933 938 10 9
935 939 9 8
935 940 10 3
940 941 4 -8
939 942 1 -1
942 943 3 -9
940 944 3 -8
943 945 4 -9
944 946 9 -4
946 947 8 4
947 948 2 1
946 949 7 2
945 950 7 8
947 951 8 -8
947 952 6 10
952 953 5 -7
951 954 3 2
952 955 2 -9
952 956 2 1
956 957 9 -3
955 958 8 -9
958 959 3 8
957 960 4 7
956 961 4 0
957 962 3 -2
962 963 8 -2
960 964 1 -2
964 965 8 -4
964 966 2 -5
963 967 3 2
966 968 3 1
964 969 9 -2
967 970 5 7
970 971 2 5
967 972 3 -9
970 973 8 -6
973 974 3 -9
971 975 9 -5
971 976 5 8
975 977 3 -8
973 978 6 0
976 979 10 -2
979 980 6 5
979 981 2 -2
981 982 10 10
981 983 9 -8
981 984 3 2
982 985 9 6
984 986 5 6
984 987 1 -7
986 988 10 7
988 989 4 6
989 990 9 8
988 991 4 -8
989 992 6 -1
991 993 1 -6
990 994 1 -8
994 995 5 -9
993 996 5 -8
993 997 6 3
993 998 10 -6
995 999 6 -8
996 1000 3 -7
822 896 10 9
45 632 9 6
217 318 6 -6
518 889 2 2
92 863 7 -5
210 776 3 0
209 359 7 6
102 395 1 5
106 927 8 -5
296 566 4 -4
316 505 8 6
618 826 3 -10
490 949 8 6
430 792 5 -1
234 759 6 -10
431 633 8 -8
183 732 5 1
595 620 8 -8
66 490 10 -6
593 922 4 6
300 747 7 6
180 804 2 -1
598 768 1 -7
355 958 10 7
439 505 4 1
271 910 9 -8
77 914 9 8
135 534 3 6
825 883 7 6
5 958 8 -5
294 577 1 -10
576 783 1 -4
964 976 4 2
97 936 8 -9
536 656 1 -1
295 870 1 -10
71 81 10 -4
311 937 2 4
183 245 6 10
366 388 8 3
740 827 8 -10
307 829 6 1
4 621 1 2
225 619 6 9
781 880 2 4
373 395 7 -9
785 906 5 -3
348 363 8 10
550 903 8 2
277 715 2 4
322 784 6 -6
115 950 9 -10
254 600 5 -7
27 779 1 0
343 732 6 -7
45 219 8 0
538 875 3 -8
718 847 9 -9
315 911 10 -6
135 584 5 -9
190 690 3 -9
94 728 5 -4
157 443 3 8
569 692 2 6
866 897 6 -10
23 882 10 8
233 919 6 -10
237 923 5 2
226 643 2 5
282 838 7 9
361 720 4 -10
91 581 1 0
199 878 4 -5
151 750 3 -2
648 681 3 10
27 89 7 6
583 841 1 4
869 965 1 2
262 931 2 -8
254 933 7 -4
213 552 6 0
804 985 1 1
580 847 1 10
198 655 1 1
112 594 3 -6
140 478 1 -1
285 410 9 9
522 561 6 -2
614 798 1 5
89 874 7 7
694 834 3 -10
185 861 6 8
23 614 2 -9
624 645 2 2
416 798 4 7
388 944 4 -7
253 320 8 9
884 914 9 10
150 901 2 -5
133 907 3 -1
99 135 5 2
369 514 3 3
26 822 1 -10
689 772 10 3
632 858 10 5
537 971 10 -2
152 422 6 10
597 877 2 10
841 935 5 8
202 987 2 3
35 625 8 -9
340 946 7 -8
12 442 7 3
403 613 3 -8
3 996 4 6
253 934 7 10
477 759 10 -7
276 292 6 -4
675 996 3 10
197 917 2 3
42 346 3 -8
40 369 4 -8
576 644 6 -5
12 235 8 -8
225 416 4 0
1 200 5 9
269 494 9 -3
48 760 1 2
260 640 1 -5
206 537 10 -3
36 600 3 -8
76 532 8 -3
177 403 6 -1
335 810 3 10
249 467 2 -8
687 740 1 -3
141 974 7 5
582 680 2 8
475 889 10 -7
447 756 7 -9
718 793 5 -9
96 672 10 6
484 709 7 -1
644 837 8 0
271 938 7 7
85 678 9 -3
500 668 2 2
49 73 8 -10
147 819 8 8
95 259 9 -3
91 344 10 -1
121 906 1 -4
496 721 8 5
223 237 4 -9
534 682 9 -3
250 881 2 -7
168 651 6 8
308 834 1 5
175 401 4 -4
117 838 5 10
113 677 3 -4
618 667 7 -9
105 142 3 -8
218 952 10 7
874 991 1 2
248 661 7 -8
178 750 10 -6
188 447 7 1
53 554 10 10
312 649 1 10
204 718 9 -9
506 578 3 0
135 683 9 7
334 972 6 -3
785 999 8 10
885 962 1 10
500 613 5 1
35 992 10 -4
247 573 9 -5
505 885 6 -1
419 841 9 -9
66 696 1 1
808 958 5 2
659 789 3 -6
503 541 2 7
461 733 5 7
458 945 5 -7
133 596 9 9
113 937 8 3
87 197 4 2
615 786 1 4
246 588 3 -3
724 979 1 -3
408 995 3 -7
302 401 10 2
554 734 1 -8
140 705 6 1
476 646 5 2
672 982 4 -8
508 528 4 4
573 855 6 5
118 897 3 -8
499 824 2 5
292 464 9 -2
93 123 4 -7
534 837 6 -5
464 872 1 8
608 858 8 -10
270 790 3 -2
759 818 5 -9
186 445 6 -9
403 563 6 9
35 50 5 -7
24 836 7 8
186 863 6 -1
324 724 5 -2
325 339 10 0
626 905 2 -1
472 524 2 5
889 903 9 -6
120 353 6 -7
536 831 3 -4
476 831 1 3
320 587 10 -1
56 610 3 8
187 816 4 5
370 426 10 -6
745 994 8 0
615 748 10 -9
292 677 2 -2
236 589 4 -10
355 487 2 1
83 172 2 9
767 884 2 7
624 795 2 -10
254 814 8 5
779 802 10 -1
421 886 2 -10
57 634 2 8
564 841 4 -9
40 362 5 8
4 72 8 -2
690 884 8 9
662 843 8 5
559 732 5 4
58 906 7 7
206 581 5 -2
320 979 4 3
76 986 3 -5
154 787 6 3
106 908 3 -1
416 758 2 9
211 394 5 -1
569 804 4 2
802 801 8 0
439 944 7 -8
737 856 7 1
126 323 8 4
653 734 7 -2
756 763 2 5
549 950 5 -4
116 201 1 -2
904 985 2 6
48 505 7 8
263 735 7 7
240 480 9 9
55 888 2 4
78 818 1 4
296 304 5 -6
59 629 7 6
483 785 8 8
906 994 9 -8
400 448 8 9
166 424 10 -7
317 412 5 0
431 987 3 10
120 434 5 3
267 322 5 -8
225 673 4 -4
408 984 6 9
119 446 2 -7
521 563 1 -6
9 198 2 -10
427 643 10 2
253 848 7 -5
184 272 1 -10
390 818 5 7
841 936 8 5
80 688 2 -9
198 197 5 0
34 361 7 7
10 26 3 -6
36 605 4 7
728 796 4 -10
225 231 9 -7
154 603 5 -3
284 816 10 5
299 552 8 7
140 361 8 0
483 491 9 9
360 760 4 7
55 567 5 7
855 895 3 -9
304 710 2 2
412 947 4 -10
385 844 6 -3
413 845 1 6
523 740 3 -3
70 459 2 4
114 756 4 -4
149 977 9 10
299 690 2 -1
143 261 3 9
934 974 9 0
447 568 9 8
672 864 5 -4
471 689 6 10
26 600 6 -10
243 544 5 -9
402 418 2 4
242 776 1 0
541 542 2 10
355 1000 6 9
115 274 6 -7
143 216 10 5
354 441 8 -4
118 494 4 -5
8 127 2 3
511 943 10 -6
494 566 8 4
349 909 7 9
662 725 3 2
555 744 9 -2
748 996 1 10
35 170 3 10
407 428 10 -3
332 835 9 2
18 813 3 -10
262 962 10 -6
57 499 2 9
549 891 2 8
57 668 8 3
255 606 1 -7
210 502 7 7
807 967 1 -2
33 148 8 -6
61 597 1 10
619 777 3 -9
229 414 3 -4
11 681 3 2
203 960 8 -10
352 789 5 7
123 602 10 4
269 720 4 8
503 647 10 8
660 911 7 -8
153 713 4 2
21 620 7 8
59 88 2 4
221 976 5 1
493 544 5 3
10 772 6 -7
207 248 4 0
159 201 7 -7
25 267 3 2
142 149 9 -6
629 846 6 2
45 767 9 7
156 216 1 0
189 938 5 -4
78 849 3 2
131 265 7 -5
821 975 9 5
555 614 3 -5
201 991 10 -10
166 212 3 4
306 591 4 -10
282 324 10 -6
421 979 5 4
445 977 9 -9
45 343 4 10
409 657 1 8
295 476 7 1
92 503 10 7
61 644 6 9
421 788 2 -5
774 804 1 -6
18 708 2 0
315 573 8 10
110 664 8 -8
523 649 8 -6
244 286 9 -5
165 697 8 -5
369 646 2 5
608 747 9 8
838 853 2 -4
640 642 5 -10
440 990 3 -8
680 863 9 -7
751 988 7 3
235 656 10 -8
379 613 7 3
591 940 3 2
418 619 9 3
677 808 3 -7
274 948 10 3
220 882 8 10
191 510 4 8
700 919 9 -9
149 195 2 10
235 711 4 7
243 791 6 6
124 835 1 0
279 392 9 -10
276 904 9 0
843 991 1 8
215 543 8 8
49 133 4 -4
642 762 8 -4
277 749 6 -7
587 787 4 -1
487 604 3 9
115 882 4 3
159 338 9 4
493 929 5 7
733 853 7 6
696 879 3 -7
122 943 8 7
350 673 8 1
283 950 1 -8
767 786 3 -8
51 169 10 -10
57 170 8 -10
133 895 5 5
344 801 3 10
258 407 4 6
166 614 2 -9
15 540 6 0
70 578 4 3
148 305 1 8
857 939 9 6
69 691 9 -4
113 967 6 -9
499 700 8 -9
224 244 3 -9
38 708 10 -6
153 476 5 -10
595 914 7 -2
225 664 7 -10
78 679 9 4
63 638 4 9
355 898 8 -3
97 641 4 -2
611 663 8 -8
411 878 3 -3
80 417 1 8
42 306 6 1
457 635 3 -1
180 538 8 -5
353 430 5 -7
426 686 7 -9
329 610 5 6
29 459 9 -3
536 780 4 9
118 617 4 -5
72 422 5 -1
240 985 7 2
445 547 8 -5
52 675 9 2
200 374 4 0
224 273 9 -6
417 806 10 7
196 356 8 6
676 907 1 -5
438 489 7 3
285 671 2 -4
578 892 10 10
131 841 9 4
157 867 2 -8
12 376 5 8
102 228 5 -4
731 852 6 -3
87 496 2 6
38 894 1 0
797 879 9 8
747 916 3 10
574 745 5 5
100 559 7 -9
325 566 1 0
681 844 8 4
157 403 9 3
81 808 4 -3
441 824 2 0
178 647 7 4
67 104 7 3
611 666 2 5
279 738 5 -7
791 943 6 -7
519 989 8 -7
374 530 2 6
76 669 10 -3
359 853 7 -7
915 946 1 0
473 645 9 -5
624 910 2 0
524 828 4 -4
84 410 6 -3
133 972 7 -7
374 555 5 -5
429 503 2 0
288 904 4 0
218 746 5 8
560 874 3 3
268 512 2 -7
274 349 3 9
456 846 4 10
301 419 5 -7
572 918 7 7
372 746 7 -9
360 549 10 -8
261 697 2 -5
188 412 9 -7
247 661 1 -6
134 610 6 -8
500 519 3 -6
483 790 6 -6
293 737 6 -5
189 325 6 2
46 490 7 9
243 976 3 6
73 981 5 -3
50 940 6 -4
230 573 10 0
31 69 10 2
204 842 2 2
365 735 8 9
468 480 6 2
701 977 8 0
444 920 10 -7
235 738 7 10
160 813 4 -8
160 996 4 -3
285 695 5 3
638 643 7 7
42 575 8 9
306 457 2 -7
517 650 1 2
247 503 4 4
249 878 8 -5
364 766 1 -3
263 602 4 7
471 749 4 -1
2 475 6 9
181 518 3 2
567 752 6 -7
308 699 8 10
288 348 9 -5
306 536 10 -10
212 270 4 -4
15 796 5 -10
296 393 5 -4
131 995 4 6
140 882 10 2
17 221 7 4
213 231 10 8
466 963 6 -5
46 413 3 -9
838 994 6 0
81 861 6 -5
420 815 3 2
450 896 6 9
933 983 4 5
586 926 2 -7
298 422 10 8
284 907 10 0
198 922 10 9
295 990 3 -7
478 757 6 6
592 809 10 -2
532 682 9 8
548 657 7 5
225 725 10 10
138 175 6 -3
556 604 10 -1
346 991 6 -3
68 199 3 -2
230 817 1 -4
40 602 1 9
724 799 5 -4
159 522 9 -10
440 749 2 1
153 633 6 9
317 705 6 7
156 721 9 -10
478 687 3 5
648 850 1 0
946 971 2 -3
187 267 9 -10
593 896 4 -1
521 944 7 3
583 963 3 -2
85 366 2 9
256 512 5 4
100 352 1 2
524 537 7 1
775 849 6 -4
85 809 1 7
136 827 9 -9
465 758 9 -4
360 933 5 -5
267 742 10 -2
670 832 5 2
165 361 9 6
87 535 10 -1
264 510 3 -6
769 817 5 -3
107 449 9 8
97 333 6 0
231 239 5 9
707 902 4 7
88 865 1 -8
288 469 4 3
273 668 9 -7
86 408 3 -6
382 990 9 1
273 478 9 -6
421 432 10 -5
57 95 9 3
288 539 4 4
456 489 1 5
182 353 3 8
589 684 10 3
94 659 1 10
178 897 10 7
108 551 5 -7
532 945 9 8
304 332 6 8
228 772 2 5
31 741 1 -10
496 803 4 9
217 534 6 10
471 700 8 0
207 587 4 -2
232 602 7 7
351 365 8 7
329 365 5 5
63 350 5 7
442 620 9 0
789 798 9 3
342 812 3 1
476 549 3 9
859 909 6 -6
259 711 3 -9
303 921 2 10
617 675 1 -5
262 671 2 -8
512 897 4 -6
470 833 5 6
167 232 2 -10
409 512 1 -6
58 793 1 0
578 692 9 -6
235 764 6 -3
160 300 7 -5
39 252 7 -10
673 675 5 -9
334 511 4 -6
162 314 6 2
694 994 4 5
797 841 9 2
232 439 10 4
608 728 2 -9
32 220 10 -6
215 972 2 6
711 723 3 8
634 782 2 -8
348 397 1 -10
312 339 1 -2
642 769 5 3
531 773 4 3
254 567 9 -3
342 935 6 -1
152 712 1 4
38 61 8 -1
47 93 2 -1
389 443 3 0
53 958 3 -10
492 965 4 1
242 520 10 -10
54 543 6 1
155 744 2 -2
176 483 2 9
508 782 5 -7
10 78 4 7
170 650 4 7
14 230 4 -2
580 778 10 2
519 794 4 5
46 909 1 -4
531 875 6 7
826 833 5 5
466 927 3 4
352 383 2 1
393 647 9 3
128 582 10 3
164 623 8 8
166 396 8 -10
44 114 9 -5
590 787 6 6
480 673 3 -8
69 466 2 -3
303 818 5 5
742 854 1 -6
94 775 2 2
65 533 8 4
269 981 6 -9
393 818 3 -4
516 870 2 -9
345 926 1 -4
345 839 10 -1
82 436 8 -9
37 971 8 -9
364 702 1 -4
140 243 2 -6
244 377 3 -1
109 830 6 4
128 814 10 -5
78 503 7 7
301 856 6 0
596 775 3 -2
84 899 4 -3
104 253 3 -5
281 404 2 10
399 498 3 -2
684 729 4 -10
599 959 5 10
10 612 3 -6
644 963 3 4
773 839 1 7
16 258 2 4
412 717 4 3
79 565 6 -3
736 915 4 9
168 805 9 -2
913 947 2 -3
661 875 8 -2
336 382 8 9
374 567 2 -10
28 860 4 -5
438 728 4 1
380 601 10 -5
76 596 5 1
286 487 2 6
141 755 7 -7
104 547 2 -10
287 810 10 -7
204 366 9 1
414 887 10 -6
276 394 7 -5
445 483 5 2
298 997 2 6
149 715 2 -1
148 959 3 -2
164 300 5 -3
163 525 7 7
579 826 5 10
666 759 3 -9
263 818 10 -7
127 903 7 7
424 697 8 2
94 364 8 1
170 923 4 -7
574 855 7 -8
135 696 8 -8
163 590 8 7
413 446 7 -1
24 232 1 -9
183 758 8 9
377 402 2 -9
145 151 10 0
49 672 4 -5
262 612 9 -7
390 723 10 5
77 719 9 10
416 668 7 7
87 538 6 0
357 723 7 -7
871 931 2 -7
734 768 8 -8
565 953 1 -6
446 748 2 -4
119 589 7 2
909 995 7 -8
555 814 4 1
371 647 2 7
126 229 4 2
68 720 4 -8
62 509 2 -8
671 828 10 6
547 552 10 -2
211 823 8 -3
493 931 4 7
106 731 6 4
121 946 7 3
571 678 5 3
45 734 5 3
705 906 4 5
48 424 1 -1
467 749 4 -2
921 927 8 -7
445 461 1 -7
119 138 6 -8
119 511 10 1
199 642 3 -10
729 994 10 -10
266 368 3 -10
635 665 6 4
283 361 9 0
363 493 9 7
146 708 9 5
734 736 3 -8
749 937 7 -9
164 249 10 -5
747 820 2 -3
181 482 1 -2
126 819 9 2
166 488 4 1
169 725 7 5
318 665 6 -9
122 899 1 -8
426 938 8 -9
404 485 9 0
454 712 1 -7
256 319 5 -8
72 222 4 5
177 385 5 -4
39 912 9 7
366 770 1 9
188 746 3 -7
437 457 4 7
822 878 4 4
449 647 1 -7
264 645 7 -5
421 507 3 7
59 369 8 6
547 928 2 -5
102 802 1 -4
125 500 9 7
840 915 1 -8
701 866 8 2
719 858 6 5
788 858 3 -2
298 514 7 -10
99 892 5 -8
201 822 6 3
354 859 9 9
93 697 2 -7
434 729 6 8
326 467 1 -4
91 166 9 -1
51 490 2 -1
422 472 2 6
329 617 8 -6
554 902 9 5
375 978 10 -8
130 840 5 -3
652 849 6 6
637 739 4 3
451 734 10 -9
501 873 8 -6
329 504 3 -2
379 867 1 5
793 842 5 7
371 868 10 -3
459 706 8 4
232 347 6 9
573 626 10 -1
294 943 4 1
443 901 4 -4
741 783 10 -8
193 488 8 3
288 354 2 -9
512 536 2 -6
282 557 1 4
561 806 8 -1
2 851 3 9
79 190 2 -4
149 582 7 4
93 153 10 -1
673 709 7 9
257 486 9 7
222 768 2 -5
4 268 1 -1
246 490 6 1
144 427 5 1
779 924 3 -8
400 644 3 -9
222 350 6 6
502 908 5 -8
396 439 3 7
660 940 9 10
587 877 2 -4
833 957 5 -10
203 900 4 -3
96 746 10 9
388 471 3 0
668 801 8 4
482 946 4 5
83 535 4 2
15 454 7 -10
391 682 6 8
283 938 5 6
83 127 1 5
541 588 7 0
418 503 6 1
181 265 5 -3
622 937 7 1
894 972 2 -8
88 364 8 6
164 937 1 -8
112 292 7 -10
452 467 2 1
81 630 6 -10
268 662 8 -5
344 960 5 -5
22 681 8 -10
123 214 3 -3
141 529 8 1
360 420 1 -7
119 414 2 4
27 249 1 4
584 684 10 8
395 630 8 -2
247 969 6 -2
82 133 9 -1
135 226 3 -5
799 828 1 -5
236 996 6 1
377 737 9 -3
377 812 9 0
215 432 4 -5
90 653 6 -3
425 501 3 10
123 829 8 -1
340 358 3 4
584 624 6 -7
435 452 10 -6
76 200 3 -4
494 823 7 -7
611 665 2 7
428 847 5 -4
953 981 4 -1
530 701 1 -1
530 865 2 -3
18 541 2 1
451 999 4 2
140 790 4 -10
408 858 5 -8
386 680 7 2
122 569 1 7
622 800 8 0
759 942 9 6
465 782 2 2
393 464 9 6
109 500 1 -4
116 627 7 -2
843 852 8 6
15 831 2 -6
96 239 9 7
206 862 4 -5
94 402 10 6
173 400 10 -8
187 513 6 -8
521 739 9 -7
679 747 5 2
531 903 10 -8
176 534 10 -7
595 732 1 0
589 836 3 1
122 420 4 -2
394 922 6 6
110 520 4 1
193 274 6 6
181 434 9 -10
294 942 3 1
356 394 10 1
370 387 6 2
129 924 4 -9
937 981 9 -5
214 803 3 -7
272 848 4 -1
480 934 7 -6
758 765 9 5
513 630 9 -3
340 458 9 -9
64 393 4 -7
140 266 3 -6
436 888 8 3
30 913 2 4
878 925 8 -4
217 419 6 8
