1000 2000
1 2 2 -4
2 3 7 6
2 4 2 -6
1 5 7 2
5 6 2 0
6 7 6 5
4 8 6 1
6 9 3 -5
5 10 4 2
8 11 5 2
9 12 10 -1
11 13 9 -10
12 14 9 8
13 15 4 6
14 16 2 7
14 17 8 3
14 18 7 -3
16 19 8 -4
18 20 8 -7
19 21 9 8
18 22 7 -9
20 23 2 8
21 24 5 6
24 25 10 -2
25 26 4 2
22 27 7 7
23 28 10 8
24 29 3 -9
26 30 4 -4
27 31 7 -2
31 32 2 2
32 33 10 9
33 34 2 1
31 35 5 8
34 36 1 4
32 37 5 7
33 38 3 -8
36 39 7 9
35 40 3 9
37 41 10 0
38 42 7 10
40 43 8 6
42 44 2 4
41 45 7 -5
45 46 3 -3
46 47 8 -1
45 48 5 -3
47 49 7 3
47 50 10 -4
49 51 8 -5
47 52 6 9
48 53 5 -3
53 54 7 5
52 55 7 6
54 56 4 -10
55 57 4 -2
54 58 2 7
54 59 5 0
57 60 10 7
59 61 2 7
61 62 2 -5
62 63 8 8
63 64 4 4
63 65 8 0
62 66 5 -10
62 67 2 -1
66 68 1 10
66 69 7 -10
67 70 4 4
69 71 7 -7
67 72 9 2
70 73 6 7
71 74 9 -2
71 75 4 9
71 76 10 2
74 77 10 -4
76 78 5 -3
75 79 4 8
78 80 3 -1
79 81 1 8
77 82 3 -1
81 83 7 5
81 84 9 -9
82 85 1 -10
82 86 6 5
86 87 5 -9
87 88 3 9
84 89 1 -7
86 90 8 -5
88 91 8 -3
87 92 3 -6
88 93 7 6
92 94 3 5
92 95 1 10
92 96 6 3
94 97 4 -6
95 98 4 4
96 99 7 5
97 100 8 5
97 101 4 -9
100 102 9 5
98 103 3 1
101 104 6 3
102 105 8 -8
104 106 8 8
102 107 10 -4
104 108 8 -4
106 109 2 10
109 110 3 2
108 111 5 -8
107 112 3 -5
109 113 3 7
112 114 1 4
111 115 9 -1
114 116 7 0
112 117 7 -7
116 118 5 9
115 119 2 5
118 120 10 -3
117 121 1 -1
118 122 4 -10
122 123 8 -8
122 124 3 5
122 125 3 -5
121 126 6 7
125 127 2 7
124 128 8 -8
127 129 5 -1
129 130 8 -9
126 131 9 -1
127 132 1 6
131 133 7 8
130 134 10 -1
130 135 5 -8
133 136 5 8
134 137 7 6
136 138 2 1
136 139 9 8
137 140 1 7
138 141 2 2
137 142 3 -9
141 143 2 6
142 144 8 3
142 145 3 2
143 146 8 6
144 147 3 1
146 148 4 -9
144 149 8 4
145 150 5 -4
146 151 10 8
149 152 4 -3
149 153 8 0
149 154 7 1
152 155 1 10
151 156 3 8
154 157 3 10
154 158 5 -1
155 159 1 -10
155 160 2 -9
157 161 5 -7
160 162 10 7
158 163 4 -2
160 164 10 3
161 165 5 8
162 166 5 -2
162 167 5 -8
164 168 9 6
166 169 4 9
165 170 2 -1
169 171 9 6
170 172 7 0
171 173 2 -2
172 174 2 -8
172 175 7 -8
174 176 5 0
176 177 1 0
177 178 7 8
177 179 4 5
176 180 8 -3
180 181 8 0
179 182 6 8
180 183 10 -9
183 184 10 -2
180 185 8 1
185 186 4 2
185 187 10 -6
187 188 7 10
185 189 8 -2
188 190 8 -6
186 191 7 -8
190 192 3 10
188 193 6 8
190 194 3 1
191 195 5 -7
194 196 1 -3
194 197 5 7
195 198 1 -1
197 199 8 7
195 200 9 1
196 201 6 -4
200 202 2 -9
198 203 8 2
199 204 3 -8
203 205 9 -4
204 206 10 2
206 207 10 7
206 208 5 -3
207 209 6 -8
205 210 4 0
209 211 7 -1
211 212 2 -3
211 213 4 9
213 214 1 9
213 215 6 7
215 216 10 10
213 217 2 7
216 218 1 4
215 219 7 -8
219 220 8 10
216 221 6 6
218 222 10 -7
221 223 6 -7
223 224 6 -8
223 225 4 0
221 226 10 8
222 227 7 8
227 228 4 4
224 229 7 3
227 230 8 -7
230 231 9 -1
231 232 5 -4
230 233 1 10
229 234 6 -4
231 235 3 -5
232 236 1 10
236 237 4 -10
234 238 6 -6
234 239 3 9
235 240 8 10
240 241 1 -3
239 242 3 -7
241 243 8 1
241 244 9 5
240 245 5 1
241 246 2 5
243 247 6 -5
243 248 1 -1
247 249 6 9
246 250 7 1
250 251 9 6
247 252 3 -8
249 253 5 -5
250 254 10 -8
253 255 1 -5
253 256 8 -6
253 257 5 -1
257 258 4 8
257 259 7 1
255 260 3 -2
256 261 8 6
257 262 2 3
258 263 1 3
259 264 4 6
261 265 4 2
263 266 4 2
262 267 2 2
266 268 3 -7
265 269 3 1
268 270 10 4
266 271 1 -7
267 272 6 10
271 273 8 7
272 274 6 6
274 275 5 2
271 276 8 -7
274 277 3 6
274 278 1 -2
277 279 7 -9
278 280 1 10
276 281 5 6
280 282 6 -1
280 283 2 6
279 284 6 -5
280 285 5 8
285 286 5 -2
286 287 5 -2
283 288 7 0
286 289 7 6
285 290 6 7
288 291 6 -10
288 292 10 4
290 293 2 -7
289 294 7 -9
294 295 8 4
294 296 2 3
293 297 6 7
295 298 6 5
296 299 3 -3
297 300 9 -7
299 301 3 5
301 302 10 9
299 303 5 -10
303 304 2 -10
304 305 4 -2
301 306 9 0
304 307 6 8
304 308 3 7
308 309 9 -8
308 310 10 9
306 311 2 4
310 312 7 3
309 313 2 -2
309 314 10 -10
310 315 7 -5
311 316 1 -8
316 317 1 1
313 318 8 2
317 319 7 -3
318 320 8 -2
316 321 10 4
317 322 1 9
320 323 7 8
319 324 5 7
321 325 7 -10
325 326 1 -5
326 327 10 -2
327 328 4 -6
326 329 8 7
328 330 7 -1
328 331 8 0
328 332 3 -9
330 333 10 -10
331 334 4 -10
333 335 5 5
334 336 5 -10
333 337 4 4
334 338 7 -9
336 339 7 -6
335 340 6 8
338 341 2 5
338 342 7 7
341 343 10 -3
339 344 3 -8
343 345 10 -8
342 346 5 9
342 347 1 -9
345 348 8 -7
344 349 1 2
348 350 5 -10
347 351 5 0
350 352 7 2
352 353 2 -6
349 354 8 4
351 355 2 -5
351 356 1 -4
356 357 7 5
357 358 5 -7
357 359 4 10
356 360 3 -3
358 361 8 -9
357 362 7 9
358 363 6 5
362 364 8 1
360 365 3 5
364 366 4 10
363 367 4 -10
365 368 6 3
365 369 7 5
367 370 10 -1
369 371 9 8
370 372 5 -8
369 373 8 -5
370 374 6 -4
370 375 3 8
373 376 9 3
376 377 10 4
376 378 10 5
378 379 6 1
377 380 5 1
380 381 3 -10
378 382 8 3
380 383 2 -6
380 384 2 -10
382 385 8 -5
384 386 8 -8
382 387 8 8
383 388 1 -3
388 389 3 5
389 390 10 -9
389 391 8 1
391 392 10 -7
392 393 5 10
389 394 2 -4
394 395 1 5
391 396 6 -7
396 397 4 8
393 398 9 -2
397 399 6 -10
398 400 9 -2
398 401 10 -7
399 402 8 -2
400 403 6 9
399 404 5 -6
400 405 1 -3
405 406 3 -10
404 407 6 -6
407 408 3 -1
406 409 3 8
406 410 2 -6
406 411 5 -2
411 412 7 -9
408 413 9 -6
411 414 2 -7
410 415 3 0
414 416 5 0
413 417 3 4
414 418 1 -9
414 419 2 -1
417 420 7 0
419 421 10 -2
417 422 1 9
418 423 7 4
420 424 6 4
420 425 2 0
425 426 7 -5
426 427 6 6
423 428 1 0
425 429 3 0
427 430 8 -7
430 431 5 -1
431 432 1 5
432 433 3 5
433 434 7 1
432 435 3 7
434 436 3 4
433 437 6 1
437 438 6 0
434 439 1 6
437 440 2 -9
436 441 8 -1
438 442 5 10
441 443 4 5
440 444 9 -2
441 445 9 10
441 446 8 7
445 447 9 8
444 448 6 -3
447 449 3 10
445 450 2 -1
446 451 10 3
448 452 6 5
448 453 9 -5
450 454 3 -5
450 455 2 3
454 456 5 2
455 457 7 4
454 458 8 4
454 459 2 6
457 460 4 0
458 461 7 -2
459 462 10 9
459 463 4 -10
459 464 8 9
461 465 5 2
464 466 2 9
465 467 4 -5
467 468 9 0
465 469 2 5
467 470 1 -1
467 471 3 -7
467 472 10 -4
469 473 6 -4
472 474 5 9
471 475 3 -10
474 476 6 5
475 477 5 -4
475 478 6 0
478 479 4 5
475 480 8 -10
478 481 2 9
477 482 2 2
482 483 2 -3
481 484 6 -9
484 485 2 -2
483 486 1 -1
482 487 6 0
484 488 1 10
485 489 10 5
488 490 10 -5
488 491 5 4
487 492 4 -10
488 493 7 -1
490 494 4 -5
493 495 10 -4
491 496 6 -4
495 497 5 -6
493 498 1 2
495 499 8 2
498 500 7 -5
496 501 5 9
497 502 8 0
501 503 8 0
503 504 6 6
503 505 7 4
502 506 8 4
505 507 3 6
507 508 6 9
505 509 7 4
508 510 4 -5
506 511 1 -8
510 512 2 -6
511 513 2 -5
513 514 8 8
511 515 2 5
511 516 3 9
516 517 4 6
514 518 10 9
518 519 7 -5
517 520 1 5
516 521 3 -2
518 522 4 0
520 523 6 6
523 524 3 7
522 525 9 -2
524 526 5 0
524 527 9 8
526 528 6 5
525 529 2 8
526 530 8 0
527 531 4 -5
527 532 9 5
532 533 9 -8
532 534 8 1
534 535 6 2
531 536 8 -10
535 537 10 -2
533 538 5 9
535 539 6 -3
538 540 7 -10
537 541 3 8
541 542 8 10
539 543 3 5
543 544 7 0
542 545 5 -6
542 546 2 10
546 547 8 10
546 548 10 1
546 549 2 1
545 550 1 -5
550 551 5 4
550 552 6 4
552 553 3 -2
552 554 8 -3
551 555 5 5
551 556 3 3
556 557 6 1
555 558 1 0
554 559 7 7
557 560 6 -4
559 561 2 -6
557 562 3 10
558 563 10 6
562 564 5 -8
561 565 4 10
561 566 8 4
565 567 2 10
564 568 2 -5
566 569 1 -7
567 570 2 4
570 571 10 8
567 572 6 -4
570 573 3 9
571 574 8 -6
571 575 8 -7
572 576 6 5
572 577 5 -4
574 578 6 -7
575 579 10 -3
576 580 7 3
578 581 3 -3
577 582 8 2
580 583 10 -6
580 584 7 -9
583 585 2 10
582 586 10 1
584 587 4 3
586 588 1 -9
588 589 3 4
587 590 3 -10
586 591 6 10
588 592 6 6
591 593 7 -6
592 594 6 -6
594 595 6 4
592 596 9 5
594 597 5 0
594 598 2 10
598 599 1 0
595 600 7 -8
598 601 3 5
600 602 10 1
599 603 9 -9
603 604 10 3
601 605 4 2
601 606 6 -8
604 607 7 1
604 608 5 0
608 609 9 10
608 610 4 -3
607 611 5 0
609 612 10 10
608 613 1 4
613 614 8 -10
613 615 7 6
611 616 1 -1
613 617 9 7
613 618 7 -2
618 619 3 -1
619 620 4 -1
618 621 2 8
621 622 5 9
622 623 7 -3
621 624 3 2
623 625 8 10
624 626 5 -5
625 627 5 -3
623 628 7 4
625 629 9 2
629 630 10 -7
627 631 10 8
628 632 10 -5
629 633 3 -8
632 634 10 -3
631 635 10 8
631 636 10 8
633 637 6 2
633 638 6 9
638 639 6 1
639 640 1 8
637 641 4 -5
639 642 5 7
638 643 9 10
641 644 3 -3
640 645 7 3
644 646 7 -3
645 647 2 -4
646 648 1 -3
647 649 9 8
648 650 6 8
646 651 6 -9
650 652 4 -1
651 653 6 -8
652 654 7 1
652 655 8 4
652 656 7 1
656 657 6 -9
656 658 1 10
656 659 2 10
655 660 8 9
659 661 1 -10
661 662 7 7
661 663 7 1
662 664 4 5
662 665 9 -7
661 666 8 -7
663 667 7 8
667 668 6 -5
665 669 2 -2
668 670 10 -8
666 671 1 -10
667 672 3 7
668 673 5 -2
672 674 5 -1
671 675 3 -1
674 676 4 6
676 677 2 1
673 678 3 6
674 679 1 -10
678 680 2 -10
680 681 3 -2
677 682 6 8
678 683 4 7
679 684 8 -10
684 685 4 5
685 686 4 9
684 687 6 -10
684 688 10 -9
687 689 9 5
685 690 9 -6
688 691 8 7
687 692 1 -8
691 693 5 9
692 694 5 -3
692 695 5 -5
693 696 2 4
694 697 6 -6
696 698 4 7
698 699 9 0
697 700 1 0
699 701 3 10
700 702 3 -9
699 703 3 -7
701 704 6 0
704 705 8 1
701 706 7 7
703 707 6 -8
707 708 3 2
708 709 2 1
706 710 9 2
710 711 4 -7
708 712 5 9
712 713 3 -2
712 714 5 3
711 715 8 8
713 716 10 -9
714 717 10 9
714 718 1 1
717 719 10 7
717 720 9 2
719 721 7 -5
719 722 9 -4
720 723 1 -2
719 724 7 4
720 725 8 0
725 726 8 -5
723 727 7 -8
725 728 2 -2
724 729 10 8
726 730 3 -10
730 731 9 1
730 732 4 0
729 733 8 -7
730 734 5 6
734 735 9 -6
732 736 2 7
732 737 7 3
735 738 1 3
736 739 9 -3
738 740 1 8
739 741 4 3
738 742 4 10
739 743 7 9
739 744 1 -10
743 745 1 2
745 746 6 6
744 747 5 3
747 748 6 10
747 749 9 -3
746 750 8 1
748 751 9 -6
748 752 1 4
752 753 8 -9
749 754 2 -9
752 755 7 2
754 756 2 1
754 757 6 -9
757 758 8 -7
755 759 9 7
755 760 4 -10
759 761 6 -7
757 762 9 4
758 763 1 1
759 764 3 2
764 765 4 0
762 766 2 5
764 767 7 3
764 768 10 2
765 769 1 1
767 770 8 -5
767 771 8 3
770 772 3 3
771 773 1 10
773 774 9 8
772 775 6 3
775 776 3 -2
774 777 1 5
775 778 4 -1
776 779 7 4
779 780 3 -6
778 781 2 4
779 782 4 -4
779 783 10 7
782 784 6 9
783 785 9 5
782 786 7 -8
784 787 4 -8
785 788 10 10
787 789 8 -5
788 790 10 8
790 791 4 5
787 792 1 -9
789 793 4 -7
791 794 4 9
794 795 10 6
794 796 2 -3
793 797 4 7
795 798 1 -8
797 799 2 -7
797 800 7 0
799 801 5 6
797 802 1 8
799 803 7 -10
803 804 1 2
802 805 3 7
803 806 6 -1
804 807 6 -1
803 808 2 6
804 809 9 9
805 810 9 5
807 811 6 10
811 812 9 4
808 813 2 -9
809 814 3 -10
810 815 1 1
814 816 3 -9
815 817 1 4
813 818 2 6
818 819 8 4
815 820 4 -10
818 821 9 7
819 822 9 7
821 823 2 10
819 824 6 -10
822 825 2 0
824 826 6 6
823 827 10 -10
824 828 5 4
826 829 6 5
829 830 6 -7
826 831 5 1
829 832 5 2
828 833 1 3
831 834 7 -4
832 835 2 4
832 836 10 5
832 837 8 -6
837 838 4 -10
834 839 10 -3
839 840 4 -2
839 841 2 2
837 842 9 5
840 843 8 -5
839 844 2 -5
842 845 3 5
845 846 9 10
845 847 4 -8
843 848 3 -6
845 849 6 -8
847 850 10 -6
848 851 8 -6
850 852 6 -1
848 853 1 6
850 854 2 8
850 855 8 0
854 856 7 -7
854 857 2 10
855 858 2 -8
857 859 1 3
856 860 7 5
857 861 8 7
861 862 5 -7
862 863 2 9
859 864 3 2
861 865 1 -4
864 866 4 4
862 867 5 -5
863 868 7 9
867 869 4 7
865 870 1 6
870 871 7 10
869 872 1 1
872 873 1 -7
873 874 5 -7
874 875 10 1
871 876 3 10
872 877 1 -6
877 878 8 7
877 879 4 -8
878 880 6 6
878 881 4 -10
878 882 9 -1
880 883 1 -1
879 884 4 2
880 885 6 8
883 886 7 -2
886 887 10 7
886 888 10 -4
884 889 8 -3
888 890 6 9
889 891 5 7
889 892 7 -2
888 893 9 -10
890 894 10 6
893 895 10 -5
895 896 6 -1
893 897 2 -6
896 898 8 -1
898 899 7 3
899 900 9 -2
897 901 4 -3
898 902 1 5
900 903 10 -8
899 904 1 -5
900 905 9 -2
905 906 1 -4
904 907 7 9
905 908 8 -7
908 909 10 8
908 910 4 -2
910 911 4 -5
908 912 10 9
909 913 8 -9
909 914 3 7
913 915 5 8
911 916 5 3
916 917 7 -2
915 918 1 9
917 919 10 -6
915 920 3 2
920 921 3 -8
918 922 10 3
920 923 9 -7
919 924 6 9
921 925 2 1
922 926 9 6
922 927 6 -8
925 928 8 -2
927 929 7 -2
926 930 7 10
930 931 3 10
928 932 9 -6
932 933 3 2
929 934 3 -8
931 935 6 3
933 936 9 10
935 937 4 3
935 938 5 2
934 939 3 0
939 940 1 5
938 941 2 -8
940 942 4 -4
940 943 9 -4
942 944 7 -1
942 945 7 -2
944 946 7 -10
942 947 3 5
945 948 9 1
946 949 8 -5
948 950 7 7
950 951 9 -6
948 952 2 -4
948 953 6 0
951 954 2 5
953 955 6 8
951 956 6 -2
954 957 5 9
956 958 10 -6
955 959 4 -9
956 960 1 -2
960 961 2 -5
960 962 6 1
960 963 1 1
961 964 8 6
963 965 9 -3
964 966 7 1
966 967 2 1
966 968 4 -4
966 969 4 10
969 970 5 -1
970 971 6 -10
969 972 6 -3
971 973 4 -3
970 974 2 9
974 975 1 -10
974 976 9 9
974 977 3 -5
975 978 7 2
978 979 4 10
975 980 1 -3
976 981 6 5
977 982 4 -1
979 983 6 -8
981 984 3 -1
984 985 2 -8
982 986 6 -8
983 987 7 9
984 988 7 -3
986 989 10 9
988 990 3 -9
987 991 8 0
987 992 2 8
988 993 7 8
989 994 5 5
990 995 8 9
993 996 10 -2
996 997 1 7
995 998 1 9
996 999 9 -10
996 1000 4 2
338 958 7 -1
195 224 2 2
545 640 2 4
705 743 2 -8
363 424 9 0
761 795 5 -8
138 496 2 8
906 924 10 -5
345 648 6 4
241 786 1 -10
601 919 6 5
429 668 5 -5
800 870 9 -1
528 735 9 -9
691 738 6 -3
405 859 4 -8
158 244 4 6
459 716 5 1
256 341 8 6
848 949 7 7
94 341 6 8
7 909 1 5
802 965 10 5
190 841 9 -9
344 847 6 10
30 328 2 -7
773 918 5 -1
178 383 9 4
185 401 10 7
40 91 1 -9
332 686 7 3
368 832 4 -8
171 505 7 9
20 149 4 2
441 666 2 3
106 120 3 -4
237 522 4 -5
286 967 8 -1
407 447 2 -7
541 912 5 2
425 515 8 -8
781 909 5 0
364 372 9 7
545 730 7 -1
70 83 9 -2
144 748 3 1
295 333 8 -10
279 665 5 -5
114 909 7 5
597 788 5 5
487 846 3 8
827 947 2 -7
65 356 10 6
366 453 9 -9
443 774 9 -6
63 285 8 -5
388 497 7 5
866 904 1 5
471 892 8 -9
106 301 1 4
246 313 10 0
216 749 4 2
683 904 4 -2
441 478 10 -1
313 778 1 -2
66 363 3 9
91 411 10 7
224 257 9 6
853 997 7 -1
278 729 10 -7
461 662 7 -2
26 735 3 3
513 650 7 9
160 358 6 -10
226 668 3 10
41 462 2 -8
307 666 1 -10
220 899 7 8
117 273 4 -2
574 860 2 3
331 789 7 5
453 742 1 -5
60 110 3 1
425 562 4 4
311 405 7 -3
325 565 8 -10
246 540 7 7
6 980 1 -6
632 672 7 -1
527 649 10 -8
82 948 7 8
544 613 10 6
439 855 3 -9
206 962 7 4
84 576 8 4
582 820 10 -4
383 578 6 -4
341 393 9 -1
224 960 9 2
150 487 1 -8
159 349 3 -4
52 620 4 10
623 829 10 2
357 611 10 2
419 844 3 -3
64 583 4 7
335 552 3 -10
371 899 2 -8
173 560 4 -4
50 380 9 6
650 971 10 -1
792 912 9 10
662 782 7 -8
82 761 9 3
653 925 10 3
276 746 7 1
87 212 3 -3
752 880 3 -10
628 822 2 4
231 654 9 6
352 856 8 8
36 251 4 -7
430 938 1 -2
532 854 1 -6
100 725 8 9
31 650 9 10
114 442 5 -10
483 721 6 4
766 994 7 7
501 612 10 -9
248 910 10 8
60 348 1 -9
120 527 7 0
832 918 4 -4
182 843 9 4
417 645 10 -5
522 701 6 7
560 901 10 -9
110 459 5 6
650 801 1 5
409 595 7 -6
631 722 8 -4
539 961 10 -4
49 139 4 -8
376 575 3 8
223 539 10 -4
222 619 6 5
571 869 1 3
160 542 6 8
562 864 4 -10
600 724 5 5
113 746 2 9
233 439 10 -7
116 972 8 -10
47 573 7 5
203 724 4 3
617 757 8 10
624 659 10 0
169 836 2 10
298 766 6 -4
309 548 4 -10
32 682 2 6
119 351 6 6
712 809 9 9
244 972 7 -10
850 930 4 4
563 565 2 -2
77 432 8 -4
350 897 1 -8
286 923 9 -9
361 440 8 -9
28 486 2 -6
21 822 4 7
624 644 8 -5
381 687 7 5
514 764 2 1
657 722 7 -2
230 959 6 -7
415 604 9 -4
637 740 10 2
239 758 5 -1
694 977 3 6
51 941 4 -8
43 285 4 4
490 838 8 -8
715 757 3 9
5 73 7 -10
136 925 9 6
473 994 2 -3
669 837 2 -6
10 696 3 2
138 416 2 -8
745 873 5 3
495 770 10 4
27 32 1 -6
41 794 5 -9
42 647 10 -2
540 655 8 -9
44 152 9 9
523 759 3 3
286 571 5 4
181 549 9 10
395 638 3 1
103 305 10 8
74 486 8 1
514 544 8 8
116 682 1 7
443 911 8 -4
280 684 2 1
378 665 1 3
837 977 7 -10
163 807 10 -5
56 118 10 -1
124 254 5 -8
299 597 10 9
612 707 10 6
255 496 3 2
166 939 4 3
358 590 8 -1
137 600 10 7
46 280 4 3
148 214 1 -10
643 854 10 9
383 730 3 10
341 449 4 1
398 604 4 -4
524 705 9 4
427 660 2 -10
504 778 6 -8
236 426 4 9
491 769 7 4
210 517 9 4
200 426 10 2
87 245 5 -2
470 946 2 4
722 754 6 -9
357 414 7 -9
577 982 8 -3
69 805 6 5
84 455 2 5
676 714 7 -1
444 957 3 7
454 859 8 4
380 852 4 -6
50 648 1 -6
422 892 10 0
180 802 7 -10
234 765 2 5
729 890 3 -9
625 722 7 -6
205 386 4 -6
239 354 5 -2
679 777 10 -4
261 373 8 5
144 226 2 -5
254 423 9 2
85 865 2 -7
357 885 1 -3
533 820 8 5
18 36 3 -3
905 927 1 -7
281 993 6 -6
281 336 4 1
307 672 5 9
632 798 9 -4
332 942 5 2
316 952 2 -5
111 409 7 0
8 313 4 -4
432 580 6 -2
17 754 8 0
335 628 4 -6
196 308 2 8
596 810 5 8
327 605 1 -10
302 506 10 9
45 969 2 8
73 783 7 6
639 675 1 -5
90 781 7 -9
288 724 6 7
56 527 1 -2
299 804 4 7
196 525 6 7
704 861 5 6
509 619 3 5
204 863 9 -4
516 676 10 3
379 483 2 3
896 1000 8 2
54 120 8 9
93 768 6 1
647 997 9 1
514 875 3 10
550 744 9 5
352 392 8 -7
3 348 8 -8
181 474 5 -2
370 731 2 -4
107 607 5 1
424 459 10 -10
477 849 10 -1
88 864 8 8
27 961 9 -1
542 880 9 -6
367 644 10 8
385 973 2 8
443 569 9 10
39 116 2 -4
179 857 4 -3
380 926 1 4
273 857 7 2
93 536 3 -9
605 608 2 -9
537 678 1 5
164 615 4 9
76 181 4 6
90 517 2 5
206 236 1 10
396 856 4 7
336 660 6 4
428 804 5 -7
449 780 2 8
226 881 5 -2
26 952 5 -7
83 648 6 -10
281 859 8 -3
798 841 10 5
497 717 10 -5
603 829 4 9
223 332 2 2
21 299 10 10
867 998 10 8
105 347 7 3
643 764 10 -4
788 875 10 -10
247 254 5 5
256 921 10 -5
106 571 3 -3
413 878 7 0
428 825 8 6
919 938 7 0
308 906 5 -5
69 505 1 -6
200 411 5 -4
481 612 10 -3
420 618 5 0
187 984 4 3
293 503 3 -10
108 880 9 -3
175 518 7 7
47 221 3 -8
140 692 7 -7
424 492 1 -1
424 789 2 -7
784 996 2 4
174 473 5 10
887 942 6 7
215 539 1 -8
131 442 7 4
51 236 10 3
408 674 4 0
20 796 9 6
322 844 4 2
304 646 7 4
540 647 3 8
10 70 1 -10
515 727 7 6
140 297 10 -5
235 646 3 -5
90 921 3 -3
328 603 8 0
242 263 1 3
116 174 7 -8
621 727 8 -6
213 914 1 2
190 896 5 -9
26 87 2 3
101 390 3 10
322 502 8 -3
659 762 2 1
101 946 1 7
415 916 1 8
34 970 6 -6
359 388 1 -3
81 791 7 4
429 933 3 -1
11 965 4 -3
508 766 1 -1
45 869 2 -4
46 118 4 -3
122 255 2 -1
759 832 1 2
792 855 2 -5
691 790 3 10
120 612 8 -2
584 899 2 -2
635 941 5 -6
153 895 6 -2
139 404 7 5
113 383 9 2
87 728 8 -4
53 741 1 -5
40 583 5 -10
526 706 1 -10
705 754 2 -2
198 775 5 -7
315 968 9 -2
80 611 1 -4
7 181 10 8
299 446 7 -9
542 798 7 -3
201 638 2 -2
3 188 6 -9
35 225 6 2
289 730 10 -2
60 102 8 10
230 757 4 8
717 781 7 3
86 612 2 -2
187 213 10 -5
476 816 9 8
91 769 6 5
792 804 7 8
40 172 9 -3
396 480 1 3
533 735 7 -1
93 796 10 -10
227 503 9 -2
72 963 2 -5
412 760 8 6
873 986 1 -1
314 828 10 4
358 759 8 -5
901 955 3 0
207 694 5 7
946 973 5 7
499 922 5 -4
197 252 1 2
103 221 2 -7
179 607 8 5
391 794 2 10
344 891 5 4
230 869 10 -3
947 984 1 2
158 531 9 1
218 639 10 -1
189 352 1 0
671 822 5 -1
281 636 6 4
487 982 1 0
556 966 6 -7
14 167 6 -10
595 795 4 -3
348 795 10 -6
415 985 8 0
297 494 2 6
556 561 10 5
290 951 6 -10
75 564 10 10
84 141 1 7
376 712 1 7
43 450 1 3
374 836 6 5
356 855 4 2
246 624 8 -7
257 990 4 -1
46 321 9 -1
645 892 5 1
296 760 6 4
604 612 10 3
48 253 6 -4
145 362 2 -3
126 338 4 -2
569 635 7 0
316 657 2 5
704 834 7 -4
639 901 9 -4
250 609 8 -9
134 819 10 8
348 568 3 -10
165 357 9 -1
134 612 10 7
71 360 2 9
672 715 4 1
362 939 7 9
23 865 5 -3
511 841 2 -4
624 904 6 3
721 903 2 -8
486 976 7 10
104 500 10 3
384 819 5 0
602 811 5 5
437 954 3 -1
171 694 3 -2
686 955 7 -10
202 383 4 6
317 972 5 2
169 336 10 6
220 652 7 1
16 539 2 -5
86 812 6 -5
197 479 8 2
192 383 8 9
273 942 3 -10
125 787 1 6
618 827 9 -9
375 665 3 9
10 643 1 5
225 447 1 -5
280 428 1 -6
684 749 6 4
10 30 4 8
125 145 5 9
120 873 4 5
13 730 9 -4
152 798 2 -2
106 825 10 3
512 526 2 4
45 465 5 -5
86 608 4 -5
224 752 1 10
90 592 8 -7
503 753 1 0
197 220 4 -9
182 955 8 0
357 469 8 -6
67 679 4 -6
73 349 9 -8
422 667 6 0
407 720 1 -5
294 591 4 10
19 765 6 -3
583 772 8 -2
188 994 1 10
173 815 7 6
201 738 4 -4
796 831 6 4
627 861 2 10
623 683 3 -7
333 445 7 -4
13 499 4 -9
427 629 10 -9
444 563 1 -8
91 366 7 -6
8 987 2 -9
6 930 4 5
328 802 5 7
451 677 7 -1
491 806 7 -8
116 728 4 -4
292 395 7 3
643 867 4 2
87 472 1 -7
52 321 9 9
107 561 5 10
803 846 6 10
618 758 3 2
9 713 3 -3
268 643 1 7
465 577 2 9
177 685 9 9
174 938 10 -8
482 654 9 -5
329 548 4 -1
428 556 1 5
110 650 7 6
271 645 4 5
85 466 3 -8
28 965 3 3
203 855 5 -4
435 589 2 -5
339 995 10 -4
72 644 4 -4
574 682 6 5
130 297 6 8
636 717 9 -9
29 156 1 9
262 994 8 -2
272 494 5 7
63 591 4 -10
451 836 9 6
721 846 6 6
119 829 5 2
558 818 7 9
407 466 6 -7
602 969 4 -2
266 277 6 5
588 862 5 -3
413 686 5 2
51 772 1 4
258 746 5 -9
189 629 2 -3
296 854 7 -10
597 697 8 -8
168 219 6 -7
247 304 1 0
221 455 2 7
211 453 6 -4
37 91 1 3
692 883 2 -5
915 991 7 -6
14 791 5 -1
52 178 1 -2
111 862 3 -1
356 948 3 3
306 466 8 -6
628 969 9 -4
35 973 6 9
788 864 10 -8
469 885 7 2
544 682 4 -4
227 510 6 -8
330 619 5 10
301 418 4 3
343 769 1 10
428 898 3 1
567 993 5 -6
770 914 2 -9
265 663 7 -2
115 720 6 -6
683 820 1 2
42 170 4 4
161 422 4 0
392 625 1 9
333 507 1 7
56 855 3 6
86 352 3 3
38 360 9 -7
772 958 1 1
77 358 7 4
687 856 9 -5
416 467 3 -4
198 492 4 -6
673 887 9 -1
201 729 7 1
182 864 2 -1
771 965 9 -7
38 668 10 -2
812 930 7 8
41 82 5 -9
119 696 5 10
708 722 9 4
308 904 6 9
506 550 2 9
473 713 1 4
129 570 5 3
451 605 3 8
599 689 3 5
87 994 7 5
169 875 4 10
149 768 6 7
50 594 10 -1
543 848 6 0
292 380 10 7
760 811 3 3
21 440 8 0
14 936 2 10
538 641 10 -8
604 877 6 1
187 914 5 -2
107 224 7 10
136 272 1 -7
227 685 5 5
629 968 7 -8
87 416 2 2
173 259 7 5
386 514 9 1
73 561 3 3
322 980 6 -8
237 474 5 10
770 994 2 -3
571 630 3 -4
336 508 9 -8
201 745 10 6
585 946 10 4
160 990 10 2
104 511 5 2
485 695 8 0
306 836 8 -9
254 533 5 -10
40 330 3 -8
377 659 6 -1
189 229 8 -7
51 655 3 -6
3 435 8 -4
311 630 8 3
375 774 4 5
627 766 9 -6
358 371 9 1
448 480 8 -10
94 875 6 -9
532 756 4 -2
528 871 10 -2
4 155 8 1
239 588 6 10
253 427 1 5
531 658 7 -9
846 989 1 8
762 827 1 3
408 862 10 0
347 537 3 1
231 893 10 3
45 970 2 9
223 904 9 6
425 915 5 -7
20 985 2 5
323 523 1 -8
545 777 7 1
529 986 10 3
238 591 9 -4
137 788 3 6
423 872 5 9
288 486 1 -6
245 810 4 0
19 334 4 -7
767 781 1 1
574 942 6 -6
151 347 6 -8
126 900 8 3
194 607 1 7
178 883 6 -8
347 745 10 -5
35 110 7 7
152 344 7 8
105 341 5 -1
744 914 4 3
102 568 4 -10
30 702 10 -10
153 775 2 -3
561 848 1 9
474 951 3 1
449 519 6 -3
58 852 7 -8
73 76 10 3
37 746 5 7
542 907 5 -8
108 173 2 -6
498 843 9 -4
681 750 9 9
734 913 1 4
71 314 3 0
437 453 8 1
85 385 4 6
333 423 4 -3
649 833 7 5
433 747 9 -6
255 300 1 -2
960 975 9 -3
164 681 3 -6
292 830 9 5
292 941 3 -2
885 981 3 8
20 41 7 10
7 234 6 -4
513 904 7 6
423 520 8 -7
273 767 1 1
458 838 9 7
731 891 1 -4
265 647 3 1
142 342 10 -2
686 900 1 -1
395 841 4 2
391 439 8 10
156 856 2 -3
88 961 6 -2
594 895 2 -10
147 591 4 -2
332 736 6 -8
670 893 4 -7
404 972 6 8
642 706 6 7
589 918 8 -3
227 704 10 8
174 647 8 -8
514 810 10 10
832 906 4 -4
732 848 3 -4
733 976 8 10
513 593 5 5
792 793 3 5
148 256 3 2
506 701 1 7
685 935 2 8
203 500 5 5
562 847 8 -5
167 1000 7 7
86 905 8 5
861 919 2 5
352 498 6 8
73 377 7 9
359 525 7 -4
290 545 8 8
492 904 7 9
774 793 6 0
405 662 5 -8
480 872 10 9
546 610 9 8
145 571 2 7
130 441 4 10
645 861 8 6
303 639 4 4
595 813 6 5
764 873 10 -7
525 885 2 5
491 948 7 3
689 874 5 -6
146 523 9 -9
343 718 3 -1
755 866 9 -6
167 760 4 -9
441 703 9 -6
206 367 7 2
465 921 4 0
135 240 7 -4
366 417 2 10
5 987 8 5
146 687 3 -1
154 879 2 -9
474 788 5 -1
405 868 8 9
108 105 7 2
600 820 4 -8
234 678 4 9
20 341 2 -9
2 42 7 8
677 928 6 -1
398 748 8 2
56 547 10 -1
81 316 2 -8
396 491 1 -2
131 329 3 -10
438 673 9 -1
738 937 9 4
430 551 4 -6
535 579 1 -2
364 829 2 2
55 745 6 6
179 684 7 0
130 679 1 1
50 807 9 -8
811 852 9 7
125 536 6 -10
91 416 4 3
508 839 9 1
791 952 5 6
90 374 7 -2
437 550 1 6
336 493 7 -8
130 895 4 -5
580 857 10 -4
419 941 3 -4
267 892 1 9
365 397 7 -9
376 625 2 -4
202 583 5 -4
615 764 9 3
119 477 5 6
98 823 5 -1
657 711 4 -8
157 927 5 10
303 452 4 -8
354 912 3 -10
6 716 2 -5
760 909 9 -8
157 750 6 -1
698 778 8 2
631 883 7 8
681 900 10 -10
391 936 5 4
278 850 3 -6
506 856 1 -8
639 674 2 7
520 958 2 -9
20 223 8 8
260 288 4 -7
643 868 1 10
720 755 6 3
191 407 4 4
136 227 9 1
173 518 1 4
224 680 7 -4
65 257 9 -9
277 630 10 -2
157 940 6 -4
17 738 4 -1
607 778 2 -4
707 866 9 10
134 397 4 5
168 714 2 -5
268 431 6 4
316 605 4 -3
284 535 6 0
34 68 7 7
400 973 5 -4
7 715 4 7
45 67 2 -5
83 697 4 -3
95 357 10 -10
227 834 9 -5
298 796 1 10
188 723 7 1
391 710 4 7
485 768 8 10
208 882 5 -9
686 866 3 -7
260 685 10 -2
297 698 7 2
824 984 3 -6
427 965 3 -6
175 671 1 0
620 965 1 -8
141 386 6 -10
766 978 5 -3
527 599 10 1
336 837 8 -1
530 757 8 4
143 293 7 -3
217 699 2 -5
373 406 9 9
79 744 9 2
412 467 3 8
551 764 6 -1
260 733 2 -6
2 324 8 6
9 227 6 2
526 884 5 1
709 746 9 -9
178 907 1 -5
221 425 8 2
627 807 2 -3
144 233 8 8
463 528 3 -7
41 578 5 -3
193 441 4 -6
104 437 10 -9
800 915 10 9
722 821 7 -1
612 832 2 -5
8 232 7 6
139 791 6 2
27 623 5 4
464 528 9 7
333 591 9 10
135 906 8 5
27 134 2 0
120 388 8 5
329 986 10 -9
54 668 8 1
613 656 4 2
20 467 5 -5
746 841 7 1
798 914 8 6
369 674 10 4
87 985 9 4
117 898 9 -4
170 877 8 -2
38 910 8 -9
229 269 1 -1
15 855 7 -2
301 640 9 -9
186 670 1 8
39 435 10 -6
736 810 5 6
106 267 5 -5
190 515 7 -8
117 387 8 -7
464 638 5 4
519 689 1 3
529 535 1 5
345 702 2 8
193 969 2 -4
411 510 4 9
837 953 2 9
107 547 5 -6
94 571 2 0
32 66 4 -1
386 711 4 -7
402 468 1 -10
545 600 1 0
539 804 8 2
171 637 8 -3
379 993 8 1
750 925 1 0
423 530 7 -8
798 838 10 1
508 735 8 -2
824 944 1 8
4 61 1 -9
435 781 6 8
166 819 3 6
186 668 3 3
372 838 3 1
519 624 1 7
103 361 5 -8
19 903 10 6
422 731 7 9
135 189 10 -2
698 705 7 -4
