1000 2000
1 2 8 -3
1 3 1 2
1 4 9 6
3 5 6 0
2 6 4 4
3 7 9 -3
4 8 4 -5
5 9 8 10
7 10 7 -3
6 11 1 0
8 12 3 8
10 13 2 6
10 14 6 -3
12 15 9 -1
14 16 4 10
12 17 1 3
15 18 9 0
17 19 8 6
15 20 4 8
20 21 3 5
19 22 10 -3
19 23 8 6
21 24 10 10
22 25 6 6
21 26 7 -1
25 27 7 -3
24 28 10 6
24 29 10 4
28 30 8 -6
30 31 5 -6
29 32 3 5
31 33 8 10
31 34 3 -4
34 35 1 9
33 36 6 2
33 37 4 -7
33 38 4 9
34 39 10 -9
36 40 5 8
38 41 2 -7
41 42 1 -6
40 43 7 9
42 44 1 9
44 45 8 4
42 46 4 3
46 47 9 -2
45 48 1 8
46 49 4 6
49 50 1 -9
50 51 1 -5
49 52 10 -1
50 53 9 10
49 54 9 -6
52 55 9 1
51 56 8 5
52 57 7 2
54 58 6 0
54 59 2 -3
57 60 6 -9
59 61 1 -2
61 62 7 -1
62 63 3 -4
61 64 9 -6
64 65 1 -10
61 66 10 4
64 67 6 -2
66 68 5 1
65 69 5 6
66 70 8 -7
66 71 6 7
69 72 9 -1
72 73 3 -6
70 74 8 -3
74 75 3 8
71 76 2 6
76 77 5 1
73 78 1 -9
78 79 7 4
78 80 9 -8
76 81 8 0
79 82 3 8
78 83 2 10
81 84 3 -10
81 85 6 -10
83 86 2 -4
85 87 4 6
87 88 3 1
88 89 8 8
89 90 6 -6
88 91 2 -7
91 92 8 -3
89 93 3 -6
90 94 9 -10
91 95 9 4
91 96 7 0
94 97 2 -9
95 98 1 -3
95 99 8 0
95 100 6 8
100 101 6 7
97 102 5 -2
99 103 3 -7
103 104 8 -4
102 105 4 9
105 106 3 9
103 107 4 1
103 108 1 -1
106 109 7 7
106 110 6 4
109 111 8 3
108 112 9 0
110 113 2 3
113 114 2 -1
114 115 10 -5
113 116 1 2
115 117 5 5
113 118 2 1
117 119 8 10
117 120 10 -8
118 121 6 7
119 122 1 -4
118 123 9 -7
120 124 8 -10
123 125 1 4
123 126 2 3
122 127 5 6
124 128 9 3
128 129 4 1
127 130 8 1
130 131 9 -3
129 132 2 10
129 133 10 3
132 134 3 8
130 135 10 -9
135 136 9 10
132 137 3 4
136 138 9 8
136 139 3 -1
136 140 8 2
140 141 6 4
140 142 4 9
141 143 8 4
140 144 10 5
141 145 9 -9
144 146 3 0
144 147 5 4
145 148 7 -2
144 149 10 9
147 150 5 3
146 151 9 9
151 152 8 10
149 153 8 -2
151 154 9 4
153 155 6 -8
153 156 6 8
153 157 7 4
153 158 8 4
158 159 8 -1
155 160 10 -8
159 161 10 -2
157 162 5 8
161 163 7 0
162 164 1 0
161 165 1 7
161 166 7 -10
165 167 2 -3
164 168 5 -3
164 169 3 3
168 170 2 -7
170 171 1 5
170 172 8 -9
170 173 9 -5
171 174 3 0
171 175 10 -7
173 176 1 -5
174 177 10 -9
177 178 3 1
178 179 8 -9
176 180 1 -4
178 181 4 4
181 182 3 10
179 183 8 -6
183 184 3 -4
183 185 10 4
184 186 10 -6
184 187 3 -9
187 188 10 3
184 189 8 1
189 190 8 -1
186 191 5 -3
191 192 9 -5
191 193 3 8
189 194 8 4
193 195 4 -3
195 196 4 -5
192 197 7 -6
196 198 7 1
195 199 10 5
199 200 9 2
198 201 10 4
201 202 8 -3
199 203 5 -9
201 204 8 1
204 205 2 -5
204 206 10 6
205 207 4 3
207 208 8 8
206 209 4 -3
206 210 6 3
209 211 10 -7
209 212 6 -6
212 213 10 6
211 214 3 -8
210 215 8 -5
213 216 8 7
212 217 4 7
215 218 9 6
214 219 6 -7
215 220 4 -10
218 221 6 7
220 222 4 7
222 223 1 -2
220 224 1 -1
220 225 4 5
225 226 10 4
222 227 8 -8
225 228 9 4
228 229 10 -1
229 230 9 -7
226 231 7 -5
227 232 10 2
232 233 7 8
230 234 1 -2
231 235 2 -7
235 236 3 -9
233 237 5 -3
237 238 3 -3
236 239 1 4
239 240 10 7
239 241 10 -4
241 242 4 8
239 243 8 -7
241 244 9 -2
241 245 4 -7
244 246 4 -5
243 247 3 1
246 248 6 9
248 249 3 -9
246 250 4 -5
248 251 7 0
250 252 2 9
250 253 7 10
250 254 3 -8
253 255 3 0
252 256 3 -7
256 257 7 2
254 258 6 -3
254 259 1 -10
255 260 7 1
257 261 2 -5
257 262 1 3
259 263 4 5
262 264 6 -10
262 265 8 7
264 266 5 -7
264 267 6 9
267 268 10 10
268 269 10 7
265 270 4 10
267 271 5 -8
271 272 3 -4
271 273 1 7
273 274 5 4
274 275 3 6
271 276 3 -10
274 277 2 9
273 278 3 2
275 279 5 5
276 280 10 0
276 281 7 -10
281 282 4 -6
280 283 7 -8
280 284 1 0
281 285 2 1
285 286 9 -2
284 287 3 7
285 288 5 -9
284 289 6 -9
285 290 7 -7
288 291 4 5
290 292 7 -10
288 293 4 5
291 294 3 -4
292 295 6 -5
292 296 10 9
296 297 10 6
296 298 4 -9
297 299 1 3
295 300 10 0
300 301 9 7
299 302 6 -7
298 303 1 10
299 304 7 -7
300 305 10 6
304 306 1 -9
305 307 1 2
306 308 3 -2
304 309 1 -9
305 310 1 10
307 311 3 0
310 312 3 -5
311 313 6 -1
310 314 8 8
310 315 8 -3
313 316 3 -4
314 317 7 -3
317 318 4 6
314 319 10 10
318 320 9 6
318 321 2 -6
319 322 9 -3
320 323 10 -8
320 324 4 -3
322 325 9 -1
325 326 10 1
326 327 10 -8
326 328 1 4
325 329 8 -3
327 330 10 -5
328 331 6 -1
328 332 9 10
331 333 5 -1
329 334 5 -10
331 335 1 -4
335 336 5 8
332 337 5 -8
336 338 10 1
334 339 6 0
337 340 7 -5
340 341 1 -10
340 342 3 1
338 343 5 -8
342 344 10 6
343 345 4 -6
342 346 3 9
346 347 2 -6
343 348 2 4
347 349 5 -2
347 350 3 6
350 351 8 5
349 352 9 -2
351 353 4 -8
352 354 5 7
352 355 5 -6
355 356 3 -1
355 357 5 -6
357 358 4 7
355 359 2 5
359 360 9 -2
357 361 10 3
359 362 8 3
358 363 8 7
360 364 3 10
361 365 4 8
363 366 7 -7
362 367 6 -1
364 368 6 -4
364 369 8 3
365 370 1 8
367 371 7 3
371 372 5 3
371 373 6 0
371 374 10 -3
373 375 5 -3
375 376 4 -1
372 377 4 -6
377 378 4 -8
375 379 5 7
378 380 10 -8
377 381 4 -6
379 382 2 3
379 383 10 7
380 384 6 3
380 385 2 -2
384 386 6 -9
383 387 2 -1
387 388 7 -10
386 389 9 -8
388 390 1 -7
390 391 1 -7
391 392 6 -10
390 393 8 -6
389 394 1 4
392 395 4 -5
395 396 8 -2
395 397 3 -1
397 398 3 4
398 399 10 -5
395 400 4 10
397 401 7 -3
400 402 8 4
401 403 7 -8
402 404 4 9
401 405 7 1
405 406 8 3
403 407 8 -6
405 408 8 4
408 409 6 6
406 410 10 -2
408 411 3 -10
410 412 8 4
410 413 6 7
412 414 9 8
413 415 5 3
411 416 7 3
414 417 1 -6
416 418 9 9
415 419 4 4
416 420 8 -1
417 421 4 0
417 422 7 1
419 423 4 2
422 424 10 -5
421 425 5 10
423 426 9 -1
425 427 4 7
426 428 2 -10
427 429 8 4
426 430 6 6
428 431 8 6
431 432 10 -5
428 433 4 -8
432 434 7 9
434 435 2 -6
431 436 8 -8
434 437 3 -9
435 438 5 -6
436 439 9 4
436 440 4 1
439 441 4 -10
440 442 9 -3
440 443 6 -5
441 444 2 -3
442 445 3 -2
441 446 4 -2
442 447 2 -10
446 448 8 -5
445 449 2 -7
448 450 7 5
447 451 7 -1
448 452 3 -10
448 453 10 0
450 454 6 -7
454 455 6 -8
451 456 8 1
454 457 6 -1
455 458 7 6
458 459 5 4
458 460 9 4
457 461 7 -8
461 462 9 2
460 463 6 -4
462 464 1 -3
460 465 1 -7
464 466 10 -5
464 467 8 7
464 468 2 -10
467 469 2 -2
466 470 5 -3
468 471 4 -9
468 472 3 4
468 473 5 -9
469 474 7 5
472 475 9 9
471 476 6 6
475 477 5 -8
474 478 9 6
478 479 7 9
479 480 4 -5
478 481 3 -10
477 482 3 -9
481 483 1 6
480 484 2 -7
483 485 5 -4
482 486 8 -6
483 487 4 6
484 488 10 -4
486 489 9 -6
485 490 5 8
489 491 2 -9
490 492 5 -10
491 493 7 7
492 494 8 1
492 495 10 -1
492 496 4 3
496 497 5 7
494 498 5 2
495 499 4 -4
498 500 5 -4
498 501 10 -2
497 502 8 7
498 503 9 9
501 504 3 -7
502 505 5 1
505 506 7 -1
504 507 10 1
503 508 3 -6
504 509 7 -5
507 510 9 -7
508 511 9 -6
508 512 6 -4
508 513 2 2
512 514 8 7
510 515 5 5
511 516 2 -2
515 517 1 1
514 518 4 3
518 519 7 9
518 520 10 -1
519 521 4 3
520 522 9 6
521 523 1 -5
521 524 8 7
522 525 6 6
523 526 6 -7
523 527 10 -3
524 528 1 3
525 529 4 10
525 530 7 10
528 531 4 -7
529 532 3 -9
532 533 9 6
529 534 4 -2
530 535 6 6
531 536 5 -1
532 537 2 -9
533 538 4 9
535 539 5 -8
539 540 2 10
539 541 8 5
540 542 4 9
541 543 3 -1
543 544 3 4
541 545 3 -5
542 546 9 6
543 547 5 6
545 548 8 1
547 549 6 -9
549 550 9 -9
550 551 2 -4
549 552 5 -3
550 553 4 -10
550 554 5 7
553 555 3 -8
551 556 5 -10
555 557 6 5
556 558 3 2
556 559 4 8
557 560 5 9
557 561 9 2
558 562 3 9
561 563 2 7
559 564 3 -9
564 565 2 -7
565 566 8 -1
563 567 1 2
564 568 9 -10
567 569 9 -9
568 570 8 -7
568 571 10 -10
567 572 3 4
569 573 5 6
569 574 5 8
574 575 3 9
574 576 4 6
572 577 8 -8
577 578 2 0
576 579 9 -7
577 580 2 10
579 581 5 -9
577 582 9 -5
582 583 1 5
581 584 10 -3
580 585 3 -10
585 586 2 8
583 587 6 -9
587 588 2 -7
586 589 6 5
586 590 5 -6
588 591 2 -7
590 592 1 2
590 593 2 -5
590 594 4 -2
592 595 9 -7
591 596 5 0
595 597 6 -1
595 598 3 -4
596 599 5 -8
596 600 9 -6
597 601 10 -4
599 602 5 -2
599 603 10 -9
602 604 6 -9
601 605 8 10
604 606 10 5
604 607 9 -4
607 608 5 -1
604 609 6 -9
608 610 2 6
609 611 7 1
608 612 9 5
610 613 5 -1
612 614 8 -1
611 615 3 -6
611 616 6 -1
613 617 2 10
614 618 10 -5
615 619 2 -10
618 620 6 -4
619 621 8 9
617 622 10 -6
619 623 8 3
619 624 1 3
624 625 4 -2
625 626 5 -5
623 627 6 3
623 628 4 10
625 629 7 7
626 630 1 1
628 631 4 5
630 632 10 9
630 633 7 -5
633 634 1 -8
633 635 9 7
631 636 10 -2
632 637 9 -4
634 638 9 -7
636 639 4 2
639 640 2 -6
638 641 3 4
638 642 10 3
640 643 3 9
642 644 6 -7
644 645 10 -4
642 646 3 -6
642 647 3 2
647 648 9 5
647 649 10 8
649 650 5 -9
648 651 3 1
647 652 8 3
649 653 7 1
650 654 10 -7
652 655 7 6
655 656 2 -7
655 657 4 2
653 658 1 -6
658 659 4 -5
655 660 3 -8
658 661 1 8
659 662 4 -10
659 663 5 -3
663 664 7 -9
662 665 9 3
665 666 10 -3
665 667 7 0
663 668 8 10
667 669 1 8
668 670 2 0
667 671 8 10
667 672 8 -5
671 673 9 -6
671 674 5 0
670 675 5 -3
671 676 6 -2
674 677 1 0
673 678 9 -4
678 679 1 -1
679 680 1 -3
680 681 7 3
681 682 4 10
681 683 4 -10
682 684 6 -2
682 685 3 7
681 686 4 2
683 687 10 -9
685 688 6 3
686 689 10 6
688 690 5 -5
687 691 10 -5
687 692 6 5
692 693 8 1
689 694 1 -9
694 695 9 9
692 696 9 2
694 697 8 -6
693 698 9 -7
698 699 8 -2
699 700 5 3
698 701 10 -4
699 702 2 -7
698 703 4 -6
701 704 2 4
700 705 1 8
705 706 5 -1
704 707 1 -6
707 708 6 9
708 709 7 -6
707 710 1 0
710 711 6 6
709 712 3 -6
712 713 5 -1
711 714 3 10
713 715 2 -10
714 716 7 10
715 717 5 8
715 718 10 -8
714 719 5 -10
715 720 1 9
718 721 2 -5
719 722 9 10
722 723 9 9
720 724 3 8
722 725 7 -1
724 726 5 -7
724 727 8 4
725 728 2 -2
725 729 2 0
729 730 9 10
727 731 5 -6
727 732 1 2
731 733 3 -9
733 734 6 8
730 735 7 -4
735 736 3 -3
733 737 7 -9
734 738 1 7
737 739 3 4
738 740 7 10
738 741 10 7
739 742 10 -8
740 743 3 7
740 744 10 -2
741 745 3 -2
742 746 2 6
746 747 10 -3
746 748 2 -9
747 749 4 3
748 750 1 -5
746 751 6 6
748 752 9 -10
748 753 5 3
749 754 6 7
752 755 3 7
752 756 10 -8
753 757 3 -5
756 758 10 -1
754 759 5 7
755 760 10 -6
757 761 4 6
761 762 4 -1
761 763 9 1
761 764 3 -9
762 765 6 5
764 766 10 0
762 767 6 10
767 768 1 3
768 769 5 9
765 770 7 9
766 771 5 0
769 772 5 6
771 773 1 6
773 774 3 -8
773 775 4 -1
773 776 4 6
776 777 9 10
776 778 3 0
778 779 5 -1
775 780 10 -3
779 781 3 -5
777 782 1 4
779 783 9 8
782 784 9 -10
783 785 6 -1
785 786 7 0
782 787 4 5
786 788 10 10
785 789 3 -7
789 790 1 8
786 791 3 4
789 792 7 -4
791 793 8 -2
792 794 5 -4
794 795 5 9
795 796 1 -2
793 797 2 5
794 798 7 5
797 799 6 -2
799 800 2 -4
798 801 9 10
801 802 4 -5
801 803 5 -3
803 804 3 1
800 805 5 8
805 806 10 3
806 807 2 9
807 808 6 3
806 809 2 -8
807 810 9 -8
809 811 5 6
811 812 10 1
811 813 5 -2
809 814 3 -7
814 815 4 7
813 816 7 0
814 817 6 0
815 818 6 5
817 819 7 2
815 820 7 5
819 821 8 2
819 822 7 6
822 823 3 8
823 824 7 -1
824 825 7 -2
824 826 8 -4
826 827 3 -7
826 828 7 -4
827 829 1 7
827 830 9 4
829 831 7 9
829 832 7 -10
830 833 10 3
830 834 6 5
832 835 2 8
834 836 2 -6
835 837 3 -9
833 838 8 4
836 839 3 -5
836 840 3 -6
836 841 5 6
840 842 5 1
838 843 8 2
841 844 3 -6
841 845 3 -4
842 846 10 -9
845 847 4 5
847 848 6 -2
846 849 5 -4
849 850 9 -1
847 851 4 7
849 852 2 -8
849 853 8 -6
853 854 6 -10
850 855 1 -5
854 856 7 2
856 857 1 4
855 858 9 7
858 859 1 10
857 860 5 3
860 861 9 -6
859 862 2 8
862 863 10 -4
862 864 9 -6
862 865 9 4
865 866 4 -4
862 867 5 1
863 868 1 10
867 869 4 9
868 870 8 9
869 871 5 -10
870 872 8 10
870 873 5 3
872 874 1 -8
870 875 2 2
873 876 3 6
874 877 2 4
877 878 8 7
875 879 1 -10
875 880 3 2
876 881 1 -9
879 882 4 -9
882 883 6 3
881 884 9 8
880 885 8 10
884 886 8 4
884 887 5 8
887 888 4 2
885 889 3 2
886 890 9 -5
887 891 10 -6
890 892 2 -6
889 893 5 -5
892 894 9 1
892 895 1 9
895 896 3 7
896 897 10 9
896 898 2 0
897 899 2 -10
895 900 10 -6
899 901 6 1
901 902 10 -10
900 903 6 -9
902 904 7 -3
904 905 8 6
905 906 7 -8
903 907 2 8
904 908 9 2
905 909 4 -3
905 910 5 -2
909 911 5 3
909 912 6 3
908 913 10 -6
910 914 10 9
911 915 3 6
914 916 1 5
912 917 1 -1
914 918 4 0
915 919 3 -6
919 920 6 6
916 921 8 3
918 922 2 3
920 923 5 7
922 924 1 0
921 925 9 -10
924 926 1 7
924 927 9 6
925 928 3 -8
928 929 9 -7
929 930 5 -9
926 931 2 1
927 932 5 -6
928 933 10 5
930 934 7 -7
932 935 5 2
931 936 2 10
935 937 10 -6
936 938 9 0
937 939 5 0
935 940 1 -3
938 941 10 1
939 942 6 -9
942 943 2 5
943 944 3 -7
941 945 7 -9
945 946 8 0
943 947 2 6
943 948 8 -4
946 949 1 1
945 950 2 2
948 951 9 9
949 952 10 -6
949 953 1 6
950 954 9 -6
953 955 1 -4
955 956 10 -10
956 957 4 -1
954 958 10 -10
956 959 8 -3
958 960 2 6
959 961 3 2
957 962 9 3
961 963 1 1
960 964 4 -8
960 965 6 0
964 966 6 2
965 967 9 -6
966 968 5 -7
965 969 8 -5
967 970 8 0
969 971 10 -10
969 972 6 9
968 973 3 -8
970 974 5 -8
973 975 8 -1
974 976 1 -4
973 977 3 3
974 978 6 7
974 979 8 -3
976 980 9 0
978 981 9 4
978 982 4 -4
978 983 3 9
983 984 7 -2
984 985 2 -5
981 986 8 -7
982 987 5 -4
984 988 6 -6
984 989 2 -1
989 990 8 10
988 991 10 -3
987 992 3 9
992 993 1 -2
989 994 5 5
990 995 5 3
991 996 9 10
995 997 3 9
997 998 10 0
998 999 4 0
997 1000 3 5
134 207 8 10
589 848 7 -8
303 559 7 7
857 961 5 8
621 655 2 4
662 925 4 -9
402 976 8 9
758 912 4 -1
299 979 9 -7
96 970 4 1
13 857 4 0
419 578 2 -4
308 599 10 -2
312 620 4 -6
155 499 1 -5
728 991 1 10
764 859 1 7
585 837 10 1
551 864 3 0
420 870 2 5
296 862 1 -10
1 296 4 -6
882 990 10 -3
554 909 3 1
249 377 3 3
160 250 9 -2
369 671 2 8
238 985 1 4
164 931 8 -8
606 893 3 5
388 902 10 -2
462 544 4 5
460 792 7 3
229 279 3 5
262 763 5 5
824 909 2 4
334 878 5 7
813 979 2 -6
372 939 6 -6
472 602 10 -8
103 229 10 1
378 836 1 5
37 534 2 9
619 853 1 -9
393 720 1 8
202 775 1 -1
72 88 1 0
5 579 8 4
127 324 10 -5
970 962 5 8
94 406 1 0
738 955 9 -9
652 931 8 9
144 428 6 -3
16 891 7 -5
144 852 3 -6
378 832 7 -3
299 477 2 -10
581 647 2 10
19 1000 2 7
420 641 1 -1
89 471 6 6
289 891 2 -10
37 431 1 9
305 858 4 0
335 452 3 -4
792 879 5 3
492 511 1 -6
214 607 2 10
376 712 7 0
60 510 4 -3
422 745 3 7
130 439 2 -1
125 630 2 -6
112 343 2 1
40 140 10 8
389 824 9 -10
40 236 1 -3
81 649 1 0
613 839 7 -5
904 957 9 -2
381 793 2 -7
652 813 5 -8
422 799 2 -10
387 419 5 -9
207 910 8 5
377 540 5 5
880 984 9 -2
491 631 9 -1
462 804 10 9
485 750 2 -4
440 895 9 4
56 433 9 9
400 861 8 3
216 323 1 -7
142 691 5 7
364 982 2 3
480 536 1 10
34 505 8 7
431 957 6 0
9 137 4 5
148 987 8 -4
280 620 3 5
190 324 2 2
84 737 9 -7
47 161 3 8
708 832 5 -9
94 500 4 -4
197 564 1 4
208 587 2 -10
390 709 2 -7
822 900 10 -9
225 469 4 7
101 410 3 -8
142 956 8 -9
194 387 7 -1
250 413 8 -8
216 244 8 -5
139 337 10 -2
413 871 6 3
464 692 8 8
349 836 3 6
80 339 6 4
819 837 6 3
363 427 8 5
770 768 5 -6
35 679 8 10
41 343 4 10
330 351 10 -6
483 983 8 6
159 774 4 -6
171 402 8 2
80 917 8 0
341 762 10 -8
128 630 3 -4
5 855 3 7
293 928 1 -2
252 654 1 1
541 670 5 -6
412 820 3 6
113 767 4 9
110 996 4 9
430 575 10 -3
918 950 9 -6
281 969 10 10
199 927 6 0
67 834 9 9
171 291 8 -10
69 416 2 3
701 712 9 -5
244 684 6 0
543 653 10 -5
10 402 10 9
389 414 9 -8
349 499 4 10
313 976 8 5
58 587 8 -8
83 610 1 -7
377 559 2 -10
485 535 3 4
355 680 4 5
66 552 10 -2
243 323 1 1
131 153 5 -5
763 991 6 -3
336 753 7 10
231 522 8 -9
659 763 5 6
355 391 9 6
404 446 9 0
245 666 8 7
223 563 5 -5
695 926 4 9
349 513 6 0
79 348 4 10
111 122 7 5
348 927 5 5
505 682 4 -4
410 755 10 7
43 932 5 6
337 877 8 9
572 617 4 7
15 911 10 -5
160 784 6 -4
502 990 8 8
217 618 6 8
356 735 2 7
200 258 10 4
349 560 3 -1
496 821 3 0
207 633 5 7
303 957 4 -1
464 722 2 -7
683 895 2 -7
226 941 6 4
544 824 2 -5
209 218 4 -7
725 977 8 6
868 1000 2 -2
660 859 1 1
212 309 9 -2
420 885 10 9
128 923 5 -5
474 503 2 8
444 984 2 5
515 1000 6 -6
115 942 8 -1
250 857 3 8
64 426 8 -5
300 360 9 6
266 913 5 2
714 784 6 6
128 291 1 8
504 873 9 -2
276 520 3 -7
544 965 6 4
475 620 10 -7
246 884 10 -2
388 517 1 -10
90 135 7 10
571 862 3 -10
548 669 5 -8
219 443 10 -8
247 257 4 -3
296 951 8 4
262 618 1 -1
15 337 9 4
390 664 9 -8
305 530 8 -5
423 725 2 1
73 708 3 9
765 927 6 2
541 758 6 -5
202 698 8 -3
92 167 10 5
34 184 1 -4
599 766 7 -1
16 766 4 -4
723 792 1 3
405 991 9 0
571 853 3 -6
520 810 6 4
61 486 6 7
401 878 2 2
126 626 9 -6
386 531 1 -6
66 895 10 -5
333 376 3 0
75 338 3 -2
221 989 10 -7
334 610 7 10
803 984 8 8
917 932 8 -6
319 809 1 -9
533 742 10 8
6 933 8 -10
236 492 2 9
106 977 10 4
871 915 6 5
471 965 6 -9
666 777 7 -3
83 428 3 8
651 867 10 3
519 710 1 9
235 948 9 7
214 805 9 -5
126 406 7 10
757 997 7 -8
226 787 8 1
160 394 10 2
189 651 4 -8
617 766 1 -1
116 724 8 -5
590 956 5 -10
145 639 7 0
226 454 6 -5
866 999 10 -10
920 931 8 -1
747 853 5 5
363 824 8 -10
225 745 3 7
181 783 7 3
404 756 9 4
171 349 4 -10
96 716 4 5
182 722 2 9
557 872 10 8
14 940 8 8
820 985 4 8
93 127 10 -2
578 615 10 0
428 756 7 1
259 778 8 3
315 442 1 8
541 890 4 8
260 338 3 -7
687 989 4 -10
607 925 7 10
577 762 2 1
108 222 7 -5
93 290 4 3
37 573 5 -2
493 553 3 -3
131 570 1 0
798 931 10 -7
783 801 7 1
476 645 3 1
24 354 4 6
99 363 1 6
827 877 8 3
405 731 10 -9
557 843 3 0
496 688 1 9
480 504 1 6
441 992 10 -8
257 462 3 1
593 707 7 3
906 982 2 -4
594 794 1 -4
514 774 2 5
105 626 4 9
919 956 7 5
327 828 4 8
31 822 6 5
466 682 5 -4
657 816 10 -4
165 866 2 9
456 489 8 -8
245 393 7 -10
312 736 6 1
440 893 5 7
204 603 3 7
17 890 10 -4
419 928 10 -1
675 890 7 0
364 939 10 -7
643 818 7 -3
552 999 1 -1
88 225 2 9
134 271 4 8
170 255 3 -1
90 540 8 9
56 384 7 -6
280 795 4 3
414 683 1 4
664 956 7 -5
123 673 10 5
581 777 9 0
199 533 4 5
942 969 9 4
83 872 7 -6
183 478 4 -6
774 862 9 -10
52 782 4 -4
50 862 7 -4
268 325 1 3
79 682 3 -3
289 709 2 -6
594 772 2 -7
123 467 5 9
279 544 3 -7
536 950 3 8
46 810 4 -7
433 455 2 5
75 98 5 -2
595 884 8 4
332 874 8 -3
590 729 7 9
153 867 10 3
823 844 5 0
334 946 3 -3
401 596 10 4
413 634 10 -3
558 929 2 -8
90 771 4 2
698 830 6 -6
267 881 3 -8
45 761 7 2
92 674 2 8
135 260 3 -6
98 931 1 0
448 543 3 -5
313 699 3 3
458 866 1 6
578 608 7 0
357 915 4 10
12 461 3 -8
103 715 9 7
104 773 10 6
333 945 3 6
418 464 4 -1
202 352 5 -6
175 877 9 5
173 497 1 0
418 972 6 10
266 422 6 -9
265 927 1 -6
44 318 2 6
269 778 6 9
27 799 3 2
27 811 9 -9
564 824 10 -2
464 822 7 10
475 588 5 -9
158 814 10 3
878 895 5 8
350 800 10 0
769 808 7 8
222 827 5 -10
157 776 7 8
725 754 5 8
88 742 4 9
204 782 9 1
575 882 7 8
121 817 1 9
435 484 4 -8
677 869 6 3
267 784 5 -1
199 398 7 10
140 242 3 3
670 913 4 -1
35 210 6 -6
332 600 10 1
754 800 8 6
202 915 5 8
199 756 5 -5
757 925 9 8
290 732 4 -6
98 287 8 -4
199 479 1 -3
372 814 4 -9
354 444 9 6
314 340 2 0
587 612 3 -3
489 528 9 -10
87 966 7 8
80 552 7 -9
177 212 8 8
40 421 3 -8
128 386 6 -2
328 932 8 0
324 692 3 -3
3 590 7 2
831 912 4 8
446 907 9 -10
454 644 8 -1
161 362 5 -6
131 742 4 -10
538 930 10 7
192 941 1 2
211 275 2 4
653 704 1 1
546 811 2 4
517 882 5 -10
425 514 4 7
483 910 1 -1
377 593 6 -8
687 712 4 0
80 765 5 -5
805 903 7 -5
67 858 9 -7
293 931 2 7
480 498 3 7
232 835 8 6
526 789 8 -6
802 910 3 1
791 962 5 -3
463 642 3 -8
381 602 3 -3
380 688 8 1
121 283 7 -5
101 418 8 0
71 950 6 0
551 941 7 1
586 937 8 -3
334 543 6 1
77 591 6 1
515 528 10 -2
497 596 2 8
789 816 7 -6
83 190 8 1
275 514 6 0
13 34 9 0
322 769 7 5
767 942 4 -1
335 778 6 1
656 897 1 -5
594 701 3 -4
408 873 8 -1
645 837 9 -5
289 839 4 -10
28 816 3 1
802 803 9 7
696 894 6 7
532 692 9 8
141 500 2 8
18 479 8 10
120 375 10 9
294 805 6 5
20 382 2 -1
68 294 7 -9
176 676 9 3
666 789 6 7
400 428 2 -9
289 855 3 3
620 903 6 -3
155 677 1 8
449 475 3 1
53 877 5 -1
420 615 9 10
662 945 4 10
178 583 7 -9
211 345 3 0
799 808 6 7
375 948 2 7
153 362 2 0
178 802 9 -1
587 891 8 8
456 801 8 -9
594 735 1 -1
341 798 2 8
9 512 8 3
763 915 2 4
224 524 6 -2
164 536 7 -9
241 629 9 -10
630 798 4 10
65 849 8 -1
225 506 3 -8
656 926 10 2
236 705 4 4
535 982 10 10
455 649 9 -4
108 978 10 7
72 119 5 5
24 981 4 -4
78 917 10 2
28 860 1 1
221 614 3 3
548 617 9 7
667 1000 9 -3
238 853 7 7
189 326 8 -5
862 890 8 6
430 654 8 5
32 926 8 -7
390 689 5 -3
689 873 8 8
95 254 6 8
424 835 3 2
540 824 2 7
215 590 8 9
142 185 5 -1
405 920 1 0
74 641 9 10
747 891 10 -6
581 657 2 -6
274 789 1 7
133 132 5 0
45 778 5 5
770 960 5 -3
164 742 7 7
340 403 6 -8
21 665 9 -1
393 763 3 7
323 982 10 -3
593 650 1 4
491 844 2 0
300 623 3 2
491 699 1 2
562 919 6 9
317 494 10 -3
534 604 10 -10
493 692 8 1
125 680 4 6
798 982 6 -10
153 769 4 -6
527 639 10 3
125 600 3 8
689 714 5 10
762 862 9 9
14 956 10 -5
139 895 2 1
176 938 9 -6
627 965 9 4
54 627 4 -9
754 879 10 -2
538 565 8 5
72 918 6 6
262 607 5 9
309 842 10 0
314 547 7 7
115 697 8 -4
35 550 3 -4
699 777 9 10
395 978 5 8
220 236 8 8
504 780 10 10
97 682 8 4
473 577 8 7
224 970 6 7
920 946 5 -5
551 808 9 -7
819 953 6 4
129 983 8 6
90 945 3 -3
266 766 6 -5
171 213 10 7
330 452 6 0
45 341 7 -6
265 783 7 -8
120 473 7 4
42 140 6 9
20 978 4 4
210 655 6 -4
839 901 2 -8
324 844 9 1
80 154 6 -6
103 824 4 -9
444 904 3 6
275 681 9 -7
888 953 8 -9
455 656 7 -7
132 914 3 -5
514 951 7 10
360 715 10 -10
374 829 6 -6
759 993 4 -1
509 890 4 -10
377 982 7 7
362 683 4 2
78 421 9 8
532 856 2 -8
192 208 1 10
561 798 1 5
49 735 6 -4
471 677 9 -1
463 606 10 3
541 930 7 1
164 957 10 10
371 533 3 -5
748 937 10 8
266 390 10 7
505 580 2 10
306 569 5 8
342 473 3 6
22 703 1 5
163 969 6 -7
670 909 1 8
75 529 3 -5
143 224 9 1
289 477 9 -7
508 745 2 -5
141 198 2 -5
22 416 10 6
208 519 9 -8
142 865 3 -1
411 719 6 4
635 723 6 -5
813 967 2 4
567 800 2 7
306 643 1 8
143 887 8 1
689 766 1 8
49 992 7 9
426 595 10 -7
198 683 6 -4
310 499 2 -6
434 736 9 -5
75 973 9 -10
458 640 4 0
301 940 10 -1
903 966 10 -4
293 959 6 5
473 657 6 -4
567 615 7 -8
52 842 1 7
537 776 3 -6
45 847 7 -6
808 836 1 9
373 890 9 1
26 194 1 -3
164 448 4 3
336 432 8 1
268 687 3 -8
519 752 5 -5
579 684 10 -6
241 246 2 2
461 627 6 1
130 810 8 3
137 749 6 -6
601 628 1 1
246 950 9 4
41 733 2 6
237 629 5 -1
591 978 9 10
608 621 8 -5
172 910 3 -7
113 963 6 -1
31 828 9 2
644 690 1 -7
150 800 6 -8
540 771 7 -3
657 750 2 -6
571 633 4 -3
104 737 7 -7
103 969 5 8
62 538 4 1
346 622 9 3
158 971 7 0
378 715 6 -6
45 752 9 9
611 950 4 -10
26 329 9 -10
688 740 5 8
244 623 5 7
238 577 10 -7
145 465 10 8
172 488 2 9
50 853 8 0
267 802 1 0
290 522 10 -4
578 940 7 -1
420 825 8 8
548 823 3 -1
283 733 2 -10
70 971 10 1
118 917 1 -9
265 818 4 -10
876 971 4 -7
619 731 5 -8
114 205 1 -5
117 295 7 -2
187 444 9 9
508 692 8 -8
245 248 5 -10
85 991 8 3
826 894 5 8
206 283 1 -6
473 579 10 5
631 691 2 9
523 573 7 -2
278 582 6 -2
73 768 10 -8
95 381 7 8
914 957 4 -3
453 455 6 5
388 937 10 7
290 819 7 -10
582 743 1 -5
305 985 5 10
191 348 6 -5
901 988 1 -4
245 832 3 10
220 735 2 -8
429 651 6 7
567 600 1 -2
648 885 2 6
751 830 2 -10
676 704 9 0
13 961 3 9
320 914 6 -4
154 803 9 2
34 366 9 -5
231 594 1 7
103 447 3 4
601 668 6 6
279 639 7 4
58 859 1 -3
558 703 4 -5
9 237 10 1
747 880 3 6
242 517 4 3
957 999 1 2
357 792 2 -1
475 907 6 -2
623 864 9 -8
166 771 5 6
316 658 4 -7
459 693 7 -7
96 102 2 5
209 745 6 4
72 146 2 -8
714 800 4 10
652 665 2 5
107 305 6 5
836 938 3 1
431 633 7 7
735 907 10 9
720 834 8 8
913 950 2 -3
765 968 4 -9
294 869 6 7
114 505 6 2
252 840 6 -1
85 915 8 -10
277 384 6 -10
641 934 7 8
198 722 4 -4
474 483 5 2
125 258 5 -3
31 592 8 -9
924 995 7 -10
243 846 7 3
840 975 3 -6
555 814 1 4
545 564 6 -8
53 398 8 -2
701 754 5 7
98 207 5 -8
663 678 4 0
490 814 8 2
809 824 10 -8
153 288 5 -5
70 599 10 -7
156 845 2 -1
62 966 5 10
158 226 3 3
512 835 5 8
190 417 2 7
725 839 2 -1
507 587 7 -4
278 512 7 1
100 462 8 -2
393 460 10 -5
234 616 9 8
230 456 2 -8
604 759 1 -4
5 382 8 -6
503 525 9 0
331 801 4 -1
70 477 3 7
484 535 2 8
627 808 8 -3
13 129 5 -2
170 212 6 10
283 792 6 -8
56 440 6 -1
273 331 8 5
769 878 7 -1
193 919 3 -7
207 619 1 -10
272 487 4 -8
94 704 9 -1
55 498 10 -6
183 649 4 -8
425 743 2 10
395 423 7 4
245 483 1 -10
202 542 10 1
630 952 6 -2
304 316 1 -5
432 868 6 5
488 678 5 -1
126 294 4 -9
123 576 5 0
520 626 4 0
396 628 3 10
62 647 7 7
792 863 8 -9
591 773 6 10
228 318 5 0
702 760 6 -3
384 759 8 -1
519 659 10 5
376 514 3 3
199 394 1 10
112 863 8 -8
65 165 10 8
116 993 10 0
507 729 5 -7
252 386 9 -9
574 589 4 9
117 370 5 5
214 820 7 -5
776 851 7 -4
81 403 7 5
393 869 10 -10
61 154 2 -4
362 669 9 5
266 803 2 -1
412 964 7 5
152 585 9 10
562 819 7 8
54 527 8 -6
398 571 8 4
704 956 9 -7
647 808 4 8
850 880 3 -5
146 405 4 -10
814 811 4 4
697 859 5 1
543 628 10 2
72 129 8 -6
50 113 6 -10
492 999 8 8
33 921 2 -1
214 250 4 8
49 142 8 -4
634 694 5 -4
199 806 5 6
162 862 9 -4
345 589 9 4
905 960 8 10
581 683 2 6
566 911 6 8
349 875 3 -8
122 922 1 -3
653 783 3 6
665 836 7 -8
154 556 9 9
701 970 3 7
154 875 2 -9
204 230 5 -2
29 928 10 0
98 376 3 4
695 836 10 8
371 531 5 5
291 576 1 -9
596 855 3 -5
164 925 4 -10
283 664 1 3
74 922 3 8
501 605 1 -6
92 908 5 10
255 456 8 -1
598 881 1 4
539 621 5 -8
332 606 3 8
404 728 1 9
428 948 1 1
202 800 7 -4
84 153 3 0
403 733 5 0
282 575 8 10
155 951 7 9
508 981 10 10
676 688 7 5
222 294 10 5
746 1000 6 7
518 641 7 0
526 840 2 -7
470 527 7 -2
196 200 9 -7
318 1000 8 -5
399 846 9 -5
236 287 6 -6
143 777 1 -9
279 661 2 -5
306 917 8 10
25 817 6 -8
44 942 1 -8
260 323 6 1
125 775 6 9
544 957 3 3
412 834 3 -4
477 630 7 -4
557 687 6 -4
175 443 8 -6
820 923 7 -8
32 555 2 -1
500 699 1 9
274 666 7 -6
151 310 1 2
186 901 5 4
137 784 9 -5
622 690 9 -4
530 931 10 2
397 518 6 -7
542 706 4 0
201 886 9 -2
166 802 3 4
575 789 10 8
653 962 5 -2
182 342 2 5
173 960 10 -9
378 808 5 -10
217 627 5 0
613 792 4 3
70 607 2 -5
203 468 10 -10
216 362 3 2
342 525 9 5
277 526 4 1
62 432 3 -6
273 485 1 -1
282 684 9 -3
849 951 5 -1
355 730 2 -3
35 977 6 7
147 649 9 10
105 607 7 6
142 339 3 -7
9 736 4 -8
51 169 1 -5
432 601 9 -3
181 593 9 9
83 403 4 4
170 938 4 1
505 814 10 3
124 140 2 7
